 49 0 
 51 26 
 -1 47 
 -65 -12 
 -3 49 
 -3 47 
 53 19 
 19 -38 
 -30 45 
 -67 -11 
 4 -48 
 47 -28 
 -19 -36 
 53 -24 
 48 -1 
 -66 0 
 19 46 
 -24 -29 
 36 -30 
 56 17 
 -12 -37 
 -58 18 
 -55 14 
 21 -37 
 -4 49 
 13 46 
 -31 47 
 57 15 
 -21 -28 
 12 -39 
 -53 13 
 4 -49 
 -21 -26 
 -57 13 
 38 32 
 -4 51 
 11 47 
 20 44 
 -26 47 
 44 34 
 34 38 
 -53 11 
 -63 -17 
 8 -46 
 57 13 
 26 44 
 -61 -11 
 -55 31 
 -59 16 
 12 -44 
 -19 -31 
 -24 45 
 2 -50 
 -26 45 
 22 -35 
 -17 -39 
 26 42 
 60 14 
 59 14 
 -60 -22 
 -20 -26 
 -18 -32 
 -22 -31 
 -31 45 
 -53 30 
 -61 18 
 -9 39 
 52 28 
 -60 18 
 -52 31 
 -57 17 
 18 44 
 21 -33 
 -21 -36 
 -33 41 
 6 51 
 -4 52 
 29 -31 
 32 33 
 -34 46 
 -29 46 
 52 25 
 23 42 
 -35 42 
 48 -22 
 -26 46 
 22 43 
 -4 45 
 47 2 
 49 27 
 -3 50 
 4 -50 
 52 -24 
 -59 -25 
 -63 -10 
 -55 11 
 58 10 
 51 30 
 -56 -25 
 51 -24 
 -55 -23 
 -26 -29 
 9 51 
 -17 -37 
 51 -21 
 -24 46 
 -27 44 
 12 49 
 58 8 
 -60 -24 
 57 10 
 38 27 
 -23 45 
 -7 45 
 -20 -32 
 50 2 
 3 -49 
 -61 -16 
 12 -42 
 -13 -36 
 57 9 
 49 -23 
 -62 -23 
 56 12 
 48 -21 
 31 37 
 -66 -2 
 -26 44 
 56 14 
 -66 -9 
 31 -30 
 9 52 
 -21 -32 
 -57 16 
 -36 40 
 55 14 
 -61 16 
 3 -51 
 -18 -34 
 12 -41 
 50 31 
 -16 -24 
 -5 51 
 30 -31 
 8 52 
 30 33 
 6 -50 
 -66 -14 
 -23 -28 
 -32 44 
 -62 -22 
 -60 -21 
 -1 51 
 48 27 
 -59 4 
 7 52 
 37 26 
 27 -32 
 -26 -28 
 52 26 
 51 -26 
 35 24 
 -2 48 
 -51 13 
 39 -31 
 7 53 
 26 32 
 -25 43 
 38 -32 
 -5 44 
 -33 46 
 56 9 
 31 -31 
 25 -28 
 31 34 
 -67 -9 
 47 3 
 -27 46 
 -17 -38 
 -2 49 
 -30 49 
 -57 -23 
 -59 -22 
 -32 42 
 -19 -34 
 51 -23 
 -20 -31 
 28 -32 
 -66 -10 
 49 31 
 11 -44 
 -31 49 
 -28 43 
 32 -31 
 46 0 
 -34 43 
 -68 -9 
 -22 -30 
 47 27 
 -61 -25 
 -60 -20 
 19 -33 
 -60 -25 
 -66 -12 
 45 1 
 50 26 
 -6 45 
 61 9 
 10 51 
 23 39 
 10 -40 
 -60 -19 
 5 -48 
 -29 45 
 -54 -24 
 -4 47 
 50 -20 
 11 -37 
 -24 -30 
 52 -25 
 7 54 
 -61 -18 
 53 20 
 58 14 
 -48 10 
 53 -25 
 50 -22 
 -18 -24 
 48 0 
 -23 -33 
 57 14 
 48 -25 
 49 1 
 15 45 
 -22 -27 
 -16 -40 
 58 9 
 13 49 
 -35 41 
 -61 -21 
 22 44 
 -28 45 
 52 30 
 -67 -3 
 27 -31 
 -37 41 
 48 -27 
 -49 11 
 -52 13 
 12 46 
 -61 17 
 -68 0 
 -33 45 
 -11 -38 
 50 27 
 -17 -24 
 24 -34 
 53 29 
 14 47 
 50 -25 
 52 4 
 -22 -29 
 54 25 
 11 -38 
 47 -27 
 47 -25 
 -1 49 
 -25 47 
 48 -24 
 -19 -24 
 -32 46 
 -6 44 
 20 -37 
 -62 -15 
 -28 47 
 -6 50 
 49 2 
 51 31 
 -60 12 
 48 -28 
 -22 -28 
 -56 12 
 -67 -10 
 -20 -33 
 11 51 
 50 24 
 50 -24 
 50 29 
 -64 -15 
 -60 14 
 24 -33 
 -66 -1 
 -51 12 
 -13 -38 
 -20 -38 
 -27 -29 
 -21 -30 
 25 -33 
 -59 15 
 -31 46 
 36 -28 
 -65 -3 
 -63 -16 
 26 -32 
 -30 44 
 2 -46 
 -65 -10 
 51 -25 
 54 -24 
 33 39 
 24 -35 
 49 -25 
 29 -32 
 -64 -17 
 -22 -33 
 9 -45 
 -32 48 
 50 -21 
 31 35 
 25 -29 
 14 49 
 49 -24 
 -55 12 
 25 33 
 -34 40 
 -17 -36 
 29 43 
 -56 -24 
 -68 -8 
 37 29 
 -59 19 
 11 48 
 56 16 
 19 45 
 56 15 
 -10 39 
 59 9 
 -64 -18 
 50 -26 
 -67 -15 
 54 24 
 24 41 
 -21 -27 
 22 -36 
 -59 13 
 -36 41 
 29 33 
 -11 -39 
 -21 -29 
 12 -38 
 -33 44 
 -2 51 
 -1 48 
 -7 39 
 -63 -15 
 21 45 
 51 28 
 -68 -10 
 -67 -5 
 19 -37 
 -58 5 
 49 29 
 27 -33 
 16 -38 
 55 17 
 -65 -7 
 24 42 
 -18 -36 
 17 43 
 49 28 
 -67 -7 
 34 25 
 14 50 
 -49 12 
 -10 -38 
 -11 -37 
 -65 -15 
 18 47 
 -54 13 
 -58 -24 
 -19 -35 
 54 18 
 30 -30 
 47 -29 
 8 51 
 20 45 
 -62 -17 
 -61 13 
 26 -33 
 20 -32 
 32 38 
 25 -32 
 8 48 
 38 -28 
 -15 -37 
 -63 -11 
 52 -23 
 28 43 
 -52 28 
 34 -30 
 -62 -21 
 19 42 
 -52 30 
 36 25 
 18 43 
 -30 48 
 13 45 
 -67 0 
 33 -31 
 -19 -37 
 13 -28 
 -20 -27 
 -17 -40 
 -62 -16 
 27 41 
 20 46 
 -34 42 
 -21 -31 
 -29 44 
 -58 13 
 46 2 
 -63 -13 
 59 13 
 47 -21 
 49 -22 
 17 46 
 30 38 
 31 38 
 -62 -18 
 -58 12 
 32 -30 
 10 46 
 38 -30 
 46 -27 
 -4 50 
 -18 -40 
 13 48 
 30 -28 
 3 -48 
 -60 13 
 37 -30 
 -64 -11 
 -20 -37 
 -35 40 
 5 51 
 37 27 
 27 42 
 -58 19 
 -52 27 
 38 -31 
 -20 -30 
 -66 -8 
 -66 -7 
 -19 -27 
 12 -37 
 7 50 
 28 41 
 45 -26 
 42 34 
 -5 45 
 26 40 
 -60 17 
 3 -47 
 0 51 
 -59 18 
 -54 31 
 6 52 
 -60 16 
 -19 -33 
 35 25 
 -19 -32 
 24 40 
 -31 48 
 17 47 
 3 51 
 32 39 
 60 10 
 2 -47 
 39 -29 
 22 41 
 -17 -23 
 -34 44 
 7 49 
 36 26 
 55 9 
 19 47 
 36 -29 
 50 30 
 13 -44 
 -63 -14 
 -53 27 
 -23 46 
 -31 44 
 21 -35 
 -65 -11 
 53 27 
 34 39 
 13 -42 
 15 49 
 49 3 
 18 -38 
 57 12 
 -55 13 
 -64 -9 
 -14 -36 
 -61 -24 
 -57 -24 
 -66 -3 
 53 23 
 23 43 
 -18 -38 
 -64 -10 
 -28 46 
 46 1 
 10 52 
 51 27 
 2 51 
 -60 -23 
 43 34 
 24 -32 
 -50 12 
 -12 -36 
 -53 12 
 -33 42 
 -61 -22 
 -62 17 
 -22 -32 
 -63 -23 
 21 -34 
 -27 47 
 16 46 
 46 -25 
 -62 -14 
 -54 -23 
 31 32 
 -51 11 
 31 33 
 -27 48 
 -26 -30 
 -65 -2 
 60 9 
 22 42 
 -30 47 
 38 31 
 58 15 
 -62 16 
 -61 -19 
 53 -23 
 -52 11 
 1 -47 
 53 28 
 31 36 
 58 11 
 15 -38 
 -58 6 
 18 46 
 38 -29 
 -13 -37 
 22 39 
 3 -50 
 50 -23 
 -58 -23 
 -69 -9 
 50 28 
 51 24 
 14 -38 
 14 -28 
 -67 -4 
 20 -33 
 11 -43 
 -5 50 
 -65 -8 
 58 13 
 -31 43 
 8 50 
 7 -47 
 5 -47 
 27 40 
 26 43 
 -16 -37 
 28 42 
 -66 -15 
 -63 -21 
 -65 -9 
 35 -30 
 -54 30 
 -27 45 
 -23 -31 
 13 -38 
 -68 -4 
 0 49 
 12 47 
 -1 50 
 -65 -1 
 -27 43 
 -25 -29 
 18 42 
 23 -33 
 -66 -11 
 53 18 
 -56 13 
 18 45 
 -64 -12 
 -33 43 
 25 -27 
 57 11 
 -57 11 
 11 45 
 -58 -22 
 -54 12 
 -59 -19 
 8 54 
 13 47 
 20 -36 
 -19 -25 
 -59 5 
 -5 49 
 -32 45 
 -34 41 
 -20 -36 
 51 25 
 -25 46 
 51 23 
 48 -20 
 23 40 
 5 -50 
 35 39 
 -66 -4 
 -18 -26 
 48 3 
 -17 -35 
 24 -28 
 -63 17 
 48 28 
 53 25 
 -20 -34 
 4 -51 
 10 50 
 56 13 
 46 -26 
 57 8 
 10 45 
 -23 -29 
 36 24 
 18 48 
 -30 46 
 -62 -24 
 52 23 
