 -78 -2 
 -91 -34 
 80 2 
 -85 34 
 -3 -48 
 37 68 
 -91 -13 
 -84 25 
 59 44 
 -9 72 
 83 4 
 57 46 
 -10 -61 
 -29 -61 
 38 -56 
 63 -54 
 -31 -64 
 -65 32 
 -51 -46 
 -47 -21 
 -51 -21 
 -44 -56 
 -13 51 
 -30 61 
 -3 -51 
 81 -19 
 -8 72 
 79 -32 
 -92 5 
 83 21 
 -2 -76 
 -78 40 
 33 71 
 52 57 
 -42 -21 
 50 58 
 80 -29 
 37 67 
 -33 59 
 41 59 
 18 79 
 -65 31 
 -28 65 
 37 61 
 -29 -60 
 -82 30 
 23 -46 
 -64 32 
 -11 68 
 49 -61 
 82 -19 
 76 21 
 62 -56 
 -91 15 
 83 26 
 59 48 
 23 -76 
 -77 37 
 78 -8 
 -89 14 
 -69 -51 
 -30 -63 
 7 -83 
 72 -45 
 49 57 
 83 19 
 69 -50 
 -59 -51 
 -32 58 
 -90 18 
 50 57 
 -20 -61 
 -9 -68 
 -92 -30 
 81 -17 
 -20 -60 
 -93 -26 
 -35 59 
 -52 -23 
 -91 4 
 27 78 
 41 -51 
 -8 75 
 27 82 
 -69 -55 
 -44 -24 
 -93 14 
 -7 -70 
 40 61 
 -91 -12 
 -8 -70 
 -32 -62 
 -39 -59 
 80 5 
 -96 -24 
 -95 -24 
 80 -6 
 -51 -45 
 -75 36 
 32 74 
 43 -59 
 -15 54 
 -73 39 
 -14 68 
 82 15 
 60 39 
 -25 -52 
 -14 -65 
 82 -3 
 -93 18 
 73 -42 
 -91 -29 
 49 58 
 42 -52 
 73 34 
 39 -51 
 79 29 
 77 -6 
 51 58 
 -91 -26 
 30 69 
 -15 62 
 -94 17 
 -52 -47 
 69 -43 
 -90 -29 
 55 -61 
 62 42 
 -58 -52 
 37 66 
 -68 45 
 -52 -25 
 -5 -49 
 26 -37 
 -83 27 
 -25 -59 
 22 78 
 -87 -34 
 27 76 
 -19 -62 
 -21 -54 
 76 -33 
 51 -64 
 18 78 
 -91 0 
 79 -6 
 41 67 
 -7 -65 
 80 -27 
 69 34 
 -53 -47 
 -14 59 
 2 -81 
 71 -49 
 11 -84 
 -14 65 
 78 -7 
 -10 -71 
 36 71 
 62 -50 
 -51 -20 
 76 -29 
 20 78 
 -94 -25 
 -74 41 
 -95 -12 
 82 16 
 -87 21 
 -47 -53 
 -74 39 
 54 -60 
 47 33 
 40 -54 
 61 50 
 -11 -66 
 82 21 
 -44 -57 
 59 -58 
 42 63 
 -90 1 
 -73 -52 
 -83 32 
 36 73 
 -68 -49 
 42 60 
 -56 -50 
 81 1 
 82 -35 
 73 33 
 51 -63 
 -8 71 
 0 -78 
 -48 -52 
 -18 66 
 80 20 
 66 35 
 78 23 
 50 -58 
 -72 43 
 21 -77 
 -59 -48 
 -13 68 
 55 -62 
 51 -61 
 78 -30 
 80 27 
 24 -42 
 -90 -13 
 -8 74 
 -43 -52 
 4 -85 
 41 61 
 -32 -61 
 -43 -53 
 -85 21 
 -55 -51 
 81 6 
 -76 39 
 -95 -9 
 -9 -62 
 5 -82 
 -83 31 
 -66 40 
 -90 14 
 -11 -67 
 18 80 
 -15 -65 
 10 -83 
 -35 60 
 -70 -51 
 14 78 
 68 34 
 -66 38 
 12 67 
 79 3 
 -86 32 
 10 77 
 -9 71 
 6 -83 
 -93 17 
 39 -55 
 -47 -22 
 29 76 
 -1 -80 
 -34 57 
 80 -13 
 -76 -53 
 74 35 
 -85 26 
 39 -54 
 -60 -51 
 80 -4 
 77 -24 
 79 -25 
 -55 -52 
 80 -11 
 19 -77 
 27 -56 
 -84 29 
 -12 -67 
 50 -61 
 -13 55 
 77 -29 
 77 -28 
 -31 63 
 79 -35 
 29 75 
 -15 69 
 -75 40 
 80 24 
 -46 -49 
 -98 -27 
 55 -63 
 80 22 
 -17 -64 
 -96 -25 
 -32 60 
 -5 -73 
 -83 25 
 -95 -28 
 -25 -60 
 30 -43 
 71 -42 
 77 30 
 -97 -25 
 63 -56 
 -54 -45 
 18 -75 
 67 36 
 -71 44 
 26 79 
 -91 5 
 -72 40 
 28 -64 
 60 -55 
 62 41 
 73 35 
 -14 -64 
 35 72 
 -96 -28 
 58 52 
 -6 73 
 57 47 
 81 -3 
 17 80 
 63 40 
 82 -25 
 -49 -51 
 83 -24 
 79 20 
 -83 29 
 -31 59 
 32 -45 
 23 -44 
 -9 69 
 -91 3 
 3 -79 
 66 -49 
 72 -43 
 59 47 
 12 -83 
 34 72 
 44 -60 
 -29 65 
 40 68 
 81 20 
 -32 -60 
 -36 -60 
 55 56 
 -85 22 
 21 78 
 -46 -21 
 -6 -71 
 -28 -60 
 62 -57 
 61 -59 
 -7 69 
 30 -47 
 -37 -58 
 -17 67 
 -53 -22 
 30 -55 
 75 33 
 74 33 
 40 60 
 70 -49 
 22 81 
 -57 -49 
 70 -47 
 -52 -22 
 40 66 
 5 -85 
 -77 38 
 13 66 
 -92 8 
 -89 20 
 13 68 
 -69 -53 
 -14 54 
 50 -59 
 77 -34 
 51 60 
 -33 -63 
 -18 -64 
 79 23 
 85 25 
 28 75 
 -85 30 
 77 -4 
 -46 -27 
 64 -55 
 -58 -46 
 -28 -52 
 -82 34 
 56 -59 
 -16 64 
 42 -60 
 17 -74 
 84 23 
 -29 62 
 60 44 
 -31 -63 
 42 -51 
 5 -84 
 9 -83 
 81 -23 
 -84 20 
 -31 -62 
 -77 36 
 75 20 
 27 -46 
 44 -61 
 70 -44 
 41 -54 
 78 -14 
 -94 -26 
 -9 -66 
 28 -44 
 -82 37 
 41 -57 
 79 4 
 57 50 
 76 -45 
 -13 53 
 -93 4 
 78 -23 
 -83 36 
 -10 -67 
 37 -51 
 69 -47 
 -17 60 
 -35 -60 
 -7 71 
 61 51 
 3 -78 
 58 50 
 8 -83 
 25 -42 
 -96 -8 
 27 77 
 42 59 
 78 -15 
 -47 -20 
 79 24 
 -38 -60 
 37 -52 
 69 -49 
 -75 44 
 68 35 
 -48 -53 
 -72 -52 
 66 -51 
 18 81 
 -25 -51 
 46 -58 
 -2 -80 
 64 35 
 -8 -66 
 6 -81 
 52 -62 
 75 35 
 77 -33 
 -17 65 
 78 -6 
 -32 63 
 62 43 
 -55 -48 
 -6 -49 
 74 31 
 -73 41 
 6 -84 
 -78 41 
 15 -40 
 -53 -25 
 38 -54 
 72 -47 
 -32 62 
 -91 6 
 -92 9 
 24 -43 
 51 55 
 5 -86 
 31 70 
 63 -52 
 -46 -51 
 81 15 
 56 -61 
 -42 -22 
 -32 -64 
 -17 -66 
 78 -25 
 -66 32 
 77 33 
 -80 27 
 -99 -26 
 -21 -59 
 78 -11 
 -90 -34 
 19 -79 
 17 -79 
 -48 -19 
 64 -53 
 -85 19 
 -82 35 
 -57 -54 
 -82 36 
 78 -9 
 65 39 
 40 69 
 53 -58 
 -94 -13 
 75 30 
 8 -84 
 45 -58 
 -54 -48 
 -81 -45 
 -70 45 
 -27 -53 
 60 48 
 56 54 
 -88 -34 
 -92 -23 
 -90 -31 
 43 60 
 -44 -26 
 -56 -48 
 40 62 
 36 -51 
 -12 68 
 18 -79 
 81 0 
 62 40 
 38 -51 
 -91 14 
 -70 43 
 60 52 
 27 -44 
 -75 39 
 -69 -48 
 70 -46 
 77 -20 
 68 -51 
 65 -51 
 50 -62 
 55 58 
 -45 -54 
 81 -29 
 51 -62 
 28 -45 
 40 -57 
 -70 42 
 -16 66 
 54 -58 
 32 71 
 -83 33 
 46 -57 
 -28 -53 
 -73 -50 
 31 -66 
 79 -7 
 82 20 
 78 -3 
 0 -79 
 -69 -54 
 76 20 
 62 -53 
 -35 -58 
 -21 -62 
 30 -62 
 51 -59 
 -92 16 
 26 82 
 -6 71 
 -84 28 
 -22 -61 
 -48 -20 
 21 80 
 -40 -58 
 48 -56 
 -40 -55 
 -87 31 
 -46 -24 
 -87 30 
 -6 69 
 62 -54 
 -94 -9 
 -7 68 
 5 -83 
 63 -55 
 -10 -63 
 -89 -24 
 -67 38 
 -5 -48 
 -14 52 
 19 81 
 76 35 
 -35 -59 
 -39 -56 
 29 -66 
 -51 -48 
 71 35 
 -27 -54 
 35 69 
 27 -41 
 -44 -44 
 65 35 
 73 32 
 80 -22 
 58 57 
 -37 -59 
 76 -6 
 -17 68 
 20 -75 
 -13 56 
 -92 -24 
 -68 -55 
 -95 12 
 39 68 
 81 27 
 28 -47 
 -28 61 
 -16 -63 
 -14 -63 
 -16 62 
 -78 35 
 41 68 
 -29 61 
 81 25 
 -15 -63 
 -58 -51 
 28 76 
 -93 10 
 69 -51 
 -69 41 
 27 -64 
 -16 53 
 82 -13 
 -97 -8 
 -97 -23 
 39 -52 
 -94 -12 
 -58 -50 
 80 -2 
 54 -59 
 77 -10 
 -50 -21 
 67 -49 
 -43 -55 
 78 -5 
 -96 -29 
 58 -61 
 59 -61 
 -90 -23 
 -13 -64 
 59 43 
 -13 66 
 80 -12 
 -5 -74 
 -70 40 
 78 -29 
 -54 -49 
 60 46 
 57 58 
 -45 -20 
 -10 -64 
 -100 -24 
 -25 -58 
 4 -83 
 -38 -59 
 -95 11 
 -76 40 
 25 80 
 -41 -22 
 -57 -48 
 76 33 
 -26 -60 
 -21 -60 
 30 -45 
 79 -3 
 77 32 
 -57 -51 
 16 80 
 -26 65 
 29 -47 
 -69 44 
 -31 -59 
 -71 40 
 57 53 
 62 39 
 -52 -49 
 16 -40 
 -47 -51 
 41 -52 
 25 81 
 -88 20 
 -44 -45 
 31 -44 
 -6 -59 
 3 -81 
 -13 -66 
 56 47 
 -46 -50 
 -55 -49 
 79 -4 
 71 -48 
 -94 -27 
 -28 67 
 -74 -52 
 -93 -27 
 79 -1 
 -69 40 
 -72 -55 
 17 -80 
 25 -38 
 -1 -76 
 25 -37 
 -93 16 
 -7 -58 
 -30 -59 
 79 -2 
 58 47 
 58 -59 
 -74 -54 
 -29 66 
 -74 -53 
 -74 -51 
 81 16 
 77 -14 
 -12 67 
 -89 2 
 65 -52 
 -91 -10 
 59 49 
 27 -42 
 27 -65 
 17 77 
 73 -46 
 30 -64 
 30 -60 
 -93 -25 
 -16 56 
 14 -79 
 61 38 
 -28 63 
 58 55 
 -89 -31 
 83 2 
 25 -36 
 42 61 
 -46 -23 
 55 54 
 49 -56 
 -63 40 
 -47 -45 
 -34 -59 
 37 -50 
 39 -56 
 -91 16 
 79 2 
 -9 -60 
 83 -18 
 -79 40 
 -41 -24 
 -92 7 
 -16 -66 
 -94 -29 
 26 78 
 70 -43 
 -34 58 
 77 -32 
 39 -53 
 39 69 
 -83 26 
 60 -59 
 -46 -48 
 26 -43 
 -93 6 
 -72 -53 
 34 69 
 15 -79 
 -44 -23 
 46 -59 
 38 67 
 -45 -22 
 -94 -30 
 69 -46 
 39 65 
 -54 -47 
 -91 1 
 -15 53 
 -93 9 
 -36 -57 
 -58 -47 
 54 56 
 -73 40 
 -16 67 
 54 -62 
 -8 -67 
 -17 52 
 56 -62 
 -27 65 
 75 34 
 81 -28 
 -68 -51 
 11 -85 
 79 22 
 -59 -50 
 -14 51 
 3 -82 
 65 36 
 80 29 
 29 -57 
 78 -13 
 -90 15 
 -98 -24 
 -83 -40 
 -80 -46 
 56 57 
 -5 -50 
 26 81 
 -2 -79 
 30 -41 
 56 53 
 -54 -46 
 -2 -77 
 80 13 
 -95 -7 
 57 48 
 26 -39 
 82 27 
 72 -44 
 -15 66 
 21 79 
 82 -18 
 53 58 
 70 -50 
 -74 -49 
 82 4 
 81 13 
 -53 -46 
 -94 9 
 22 -45 
 79 -23 
 15 80 
 -94 -8 
 11 77 
 -52 -46 
 -88 5 
 13 78 
 34 70 
 28 -56 
 -67 -53 
 32 -65 
 -93 3 
 -96 -7 
 -82 28 
 84 3 
 -11 -64 
 29 -60 
 -45 -47 
 -91 -32 
 -99 -24 
 -27 -58 
 -91 -25 
 20 -76 
 -94 11 
 55 -64 
 -3 -76 
 60 42 
 14 -41 
 78 5 
 48 33 
 -72 -54 
 -67 32 
 67 35 
 -13 67 
 -69 45 
 -4 -73 
 -86 18 
 74 -7 
 76 30 
 -53 -20 
 -19 64 
 77 29 
 -11 -63 
 -92 12 
 -18 -62 
 26 -38 
 -68 39 
 79 -27 
 81 -26 
 77 -16 
 -46 -54 
 21 -76 
 -9 -71 
 -6 72 
 -72 -50 
 -2 -78 
 -37 -61 
 64 38 
 72 35 
 80 -25 
 83 -12 
 77 -35 
 80 3 
 -59 -54 
 -4 -53 
 -76 36 
 30 75 
 31 -61 
 74 20 
 17 -73 
 79 30 
 -46 -45 
 72 36 
 -16 63 
 -93 -10 
 41 -58 
 54 -61 
 16 77 
 -95 -25 
 -75 42 
 -51 -22 
 -49 -50 
 24 80 
 78 -1 
 -75 43 
 14 79 
 -3 -50 
 -5 -71 
 -55 -46 
 -45 -26 
 -49 -52 
 -28 62 
 53 56 
 76 22 
 10 67 
 -15 59 
 2 -83 
 -8 -69 
 59 56 
 4 -79 
 -31 62 
 25 79 
 -92 -25 
 81 -20 
 -8 69 
 72 34 
 27 -45 
 78 -18 
 -4 -51 
 31 73 
 -27 -59 
 57 -61 
 62 48 
 75 -46 
 -27 62 
 51 57 
 13 67 
 81 -35 
 61 40 
 -43 -56 
 18 77 
 80 -35 
 59 54 
 77 -5 
 -68 31 
 1 -82 
 23 -43 
 82 5 
 -15 63 
 -89 16 
 65 40 
 -24 -50 
 -89 -30 
 83 -26 
 -27 -60 
 13 -82 
 -39 -58 
 82 -29 
 -27 -62 
 -45 -21 
 -46 -52 
 2 -80 
 72 -46 
 -25 -57 
 -79 36 
 -26 -58 
 -50 -47 
 -45 -46 
 -90 5 
 80 -21 
 20 77 
 -97 -22 
 32 -55 
 -89 -32 
 77 22 
 -8 -64 
 -1 -77 
 -68 42 
 30 -56 
 -31 64 
 -16 69 
 55 -60 
 33 68 
 49 -60 
 -18 -63 
 28 -55 
 -87 19 
 82 -12 
 -92 10 
 -85 31 
 20 80 
 81 -34 
 36 72 
 30 -61 
 33 73 
 82 14 
 79 -22 
 63 -57 
 -98 -23 
 -50 -51 
 -77 41 
 -53 -45 
 -30 60 
 -30 -61 
 20 -77 
 -79 39 
 -10 66 
 40 58 
 25 78 
 -44 -47 
 84 20 
 60 -61 
 -11 69 
 5 -80 
 -51 -44 
 -85 28 
 -91 2 
 -23 -61 
 78 29 
 81 26 
 76 34 
 -74 -50 
 -23 -50 
 -101 -24 
 -97 -21 
 23 -45 
 -64 38 
 53 -62 
 26 77 
 10 66 
 17 -78 
 20 -78 
 -18 65 
 22 -76 
 -92 4 
 31 -45 
 -9 74 
 -11 -69 
 47 32 
 84 25 
 59 55 
 57 -60 
 82 3 
 -27 -52 
 -43 -20 
 -93 -24 
 -18 64 
 20 82 
 -96 -11 
 -24 -54 
 -36 -59 
 62 50 
 -76 41 
 -56 -52 
 74 -8 
 -33 -62 
 -39 -60 
 1 -78 
 -5 -52 
 -12 -66 
 -52 -48 
 -11 71 
 -26 -57 
 63 39 
 -14 66 
 -4 -49 
 19 82 
 -15 -64 
 57 57 
 -95 10 
 -84 30 
 26 80 
 82 -23 
 -51 -47 
 -91 -24 
 -57 -53 
 -10 -69 
 43 62 
 81 -25 
 -92 -14 
 67 -52 
 79 6 
 -6 -72 
 -57 -50 
 54 58 
 38 69 
 72 -48 
 6 -79 
 -8 70 
 -13 -65 
 52 56 
 -44 -46 
 -16 58 
 -58 -54 
 -16 -61 
 4 -82 
 80 -7 
 -75 -1 
 -45 -56 
 55 -59 
 -34 -60 
 12 -85 
 63 -53 
 78 -24 
 -46 -26 
 66 34 
 -67 41 
 -9 70 
 19 -76 
 60 -57 
 36 67 
 19 -74 
 51 59 
 -89 18 
 30 -42 
 -91 20 
 48 -61 
 -10 72 
 54 57 
 -89 -34 
 -2 -75 
 -43 -46 
 -42 -23 
 26 -42 
 -30 62 
 -90 12 
 -85 20 
 -10 70 
 -84 31 
 79 -33 
 20 79 
 -23 -58 
 64 -57 
 82 -17 
 -38 -58 
 -69 -52 
 53 -61 
 83 3 
 -31 61 
 71 -45 
 -27 -63 
 -94 -28 
 67 37 
 -43 -23 
 42 -59 
 -12 -63 
 42 -50 
 83 25 
 9 68 
 65 34 
 75 -44 
 -54 -21 
 -45 -23 
 58 -55 
 -95 -10 
 11 -83 
 -22 -58 
 63 -58 
 60 -58 
 59 -62 
 -68 -48 
 -91 -14 
 84 -25 
 -28 -61 
 51 -60 
 -88 21 
 19 -72 
 16 81 
 -32 57 
 61 48 
 52 -60 
 79 0 
 -57 -46 
 6 -80 
 -84 33 
 -15 68 
 -30 -60 
 18 71 
 -11 -65 
 -68 -53 
 55 55 
 81 14 
 -56 -49 
 81 28 
 -36 -61 
 82 25 
 62 47 
 78 28 
 31 -65 
 -66 39 
 -75 41 
 -7 70 
 -10 73 
 -6 68 
 -70 41 
 -4 -70 
 -86 35 
 52 59 
 81 -12 
 75 19 
 74 -6 
 73 -7 
 30 -57 
 57 -62 
 -10 -65 
 60 43 
 -43 -26 
 61 52 
 -58 -55 
 -97 -24 
 31 -54 
 63 -51 
 -84 21 
 -16 -65 
 80 6 
 -10 -68 
 81 23 
 -8 -71 
 -44 -19 
 74 -44 
 81 -27 
 54 47 
 72 -28 
 -84 26 
 -31 60 
 64 -54 
 -14 67 
 80 19 
 -36 59 
 -2 -50 
 -69 43 
 -13 -63 
 -12 -64 
 -90 11 
 56 56 
 14 -40 
 20 -79 
 31 -42 
 -11 66 
 79 -14 
 31 72 
 -8 -65 
 82 26 
 19 76 
 -16 -64 
 -27 -61 
 -95 -11 
 72 37 
 39 60 
 -67 42 
 -69 42 
 22 79 
 -5 -72 
 59 51 
 80 25 
 -9 68 
 69 -42 
 31 -56 
 -44 -20 
 -53 -21 
 59 46 
 19 72 
 -55 -50 
 65 -53 
 40 -51 
 -93 -29 
 81 22 
 17 -76 
 -85 32 
 75 -45 
 78 -35 
 60 41 
 -90 19 
 80 -24 
 -83 28 
 81 29 
 -86 19 
 -71 43 
 -22 -63 
 77 -8 
 85 24 
 -35 -61 
 78 22 
 47 -57 
 -46 -55 
 -47 -54 
 -93 11 
 60 54 
 -76 42 
 28 -46 
 -94 8 
 -56 -51 
 36 68 
 78 -28 
 -73 -53 
 31 -55 
 80 4 
 11 76 
 -93 15 
 -32 59 
 80 21 
 50 59 
 75 31 
 32 70 
 -22 -57 
 6 -82 
 -11 67 
 -8 -59 
 40 67 
 77 21 
 -74 42 
 19 77 
 75 -7 
 73 -43 
 28 -63 
 -11 -62 
 59 52 
 19 79 
 -88 1 
 -4 -71 
 -25 -61 
 84 19 
 81 -6 
 -7 -64 
 42 -53 
 60 53 
 -25 -53 
 61 46 
 -14 53 
 9 -82 
 86 25 
 30 -66 
 -3 -80 
 -33 60 
 -9 -69 
 22 83 
 82 24 
 78 -36 
 41 66 
 68 -5 
 81 -18 
 -56 -53 
 -92 14 
 83 18 
 -100 -25 
 -12 -65 
 -91 18 
 -92 17 
 -95 -30 
 23 80 
 79 -24 
 -77 42 
 -85 33 
 -84 34 
 42 -58 
 -24 -56 
 84 24 
 60 51 
 18 -78 
 -32 -63 
 -91 11 
 -1 -75 
 -50 -49 
 51 54 
 63 50 
 -78 37 
 -39 -57 
 -83 34 
 50 -57 
 -24 -60 
 -24 -57 
 19 -78 
 -65 39 
 42 62 
 -91 -11 
 -41 -23 
 79 -11 
 77 34 
 -50 -50 
 33 72 
 -2 -49 
 30 -44 
 22 77 
 -29 -62 
 74 -46 
 -93 -28 
 -5 -51 
 -7 -66 
 82 22 
 67 -50 
 -49 -20 
 9 -84 
 -31 -60 
 38 65 
 -84 32 
 -23 -55 
 47 -58 
 26 -41 
 74 -45 
 68 -48 
 70 -45 
 18 -77 
 49 -62 
 79 27 
 -14 55 
 77 -17 
 -47 -50 
 19 -75 
 -12 -69 
 60 50 
 59 41 
 59 53 
 63 -50 
 59 -57 
 -90 -24 
 52 -59 
 79 -28 
 -4 -48 
 -14 58 
 13 -80 
 59 45 
 79 -18 
 -8 73 
 -44 -54 
 39 67 
 -95 -8 
 -58 -53 
 52 55 
 58 -57 
 81 3 
 -82 29 
 58 51 
 -48 -51 
 -92 6 
 39 61 
 -90 3 
 20 83 
 20 81 
 -92 -29 
 74 -47 
 15 79 
 3 -83 
 -11 70 
 -3 -49 
 -17 -63 
 -91 13 
 -16 61 
 80 -23 
 -22 -62 
 64 39 
 -90 -14 
 -44 -51 
 78 -26 
 -91 19 
 83 20 
 79 21 
 23 -42 
 4 -84 
 21 82 
 72 -42 
 28 -43 
 -97 -26 
 -46 -25 
 63 48 
 79 -10 
 -26 -59 
 -11 -70 
 41 -48 
 79 -26 
 -78 -1 
 54 -63 
 2 -77 
 80 -26 
 -30 59 
 29 -64 
 30 -65 
 -34 -63 
 79 -29 
 -23 -62 
 72 -41 
 38 -52 
 76 -5 
 22 82 
 -12 -71 
 -76 38 
 -27 -51 
 79 28 
 0 -77 
 -64 40 
 81 4 
 33 74 
 -63 38 
 59 -56 
 81 2 
 59 -59 
 40 -52 
 -15 52 
 -16 57 
 79 -5 
 -16 68 
 68 -47 
 -32 -59 
 2 -79 
 -64 39 
 42 67 
 -21 -58 
 -99 -25 
 -17 66 
 -82 26 
 82 23 
 81 -4 
 78 -21 
 -46 -46 
 -44 -55 
 68 -49 
 82 -11 
 29 -56 
 76 29 
 -59 -49 
 23 81 
 -25 -62 
 -88 32 
 42 -57 
 61 54 
 -47 -52 
 -90 -30 
 -90 16 
 79 -19 
 -88 11 
 -34 59 
 61 43 
 -31 -61 
 -17 63 
 -9 -65 
 31 69 
 -29 64 
 -76 -1 
 -48 -50 
 -15 70 
 74 21 
 59 -60 
 -92 11 
 73 -45 
 -92 3 
 23 82 
 10 -82 
 -44 -53 
 -91 -31 
 -17 64 
 27 -40 
 -22 -59 
 -45 -53 
 -83 24 
 -23 -54 
 81 21 
 -47 -49 
 -7 72 
 18 76 
 -70 -54 
 -30 65 
 -28 66 
 60 -56 
 61 42 
 26 83 
 78 -4 
 31 74 
 -45 -27 
 18 -76 
 83 -25 
 29 -46 
 -78 39 
 -10 67 
 -92 -10 
 27 -55 
 -85 35 
 -94 -10 
 -75 38 
 76 -7 
 -26 -51 
 58 53 
 77 -18 
 67 -51 
 -80 -45 
 72 -29 
 18 -73 
 45 -59 
 -4 -50 
 58 48 
 -71 -53 
 65 -49 
 77 -23 
 14 -80 
 39 59 
 -13 57 
 2 -78 
 -32 61 
 -98 -21 
 -38 -57 
 -31 58 
 -10 -62 
 -6 -70 
 -6 70 
 22 80 
 -81 28 
 -75 -53 
 -89 -33 
 15 81 
 79 5 
 79 -34 
 64 -52 
 -72 41 
 -12 -61 
 -75 -54 
 -78 36 
 -91 17 
 13 -81 
 28 -42 
 80 -18 
 -87 32 
 -90 13 
 -88 19 
 -28 64 
 80 -17 
 -88 18 
 43 -60 
 -11 -71 
 -33 61 
 30 74 
 60 55 
 81 -36 
 -78 38 
 33 69 
 -94 6 
 -87 18 
 61 39 
 73 -48 
 28 -59 
 -22 -60 
 40 59 
 -16 -62 
 29 -45 
 -13 58 
 -96 -27 
 32 -44 
 -74 43 
 38 61 
 -81 27 
 -73 -51 
 75 -6 
 -97 -27 
 2 -82 
 78 -10 
 19 -80 
 78 -17 
 -67 -52 
 57 -58 
