 80 54 
 35 -94 
 76 72 
 109 -43 
 31 -109 
 -106 -53 
 27 -113 
 31 -110 
 73 82 
 79 78 
 -42 -92 
 114 -26 
 -120 -2 
 -125 -35 
 10 110 
 111 12 
 8 113 
 -21 97 
 -44 -86 
 40 81 
 -30 94 
 73 61 
 -100 63 
 -127 -38 
 27 108 
 -47 -88 
 100 34 
 -46 -90 
 21 112 
 -85 -80 
 -125 -1 
 -124 1 
 -75 75 
 -100 -62 
 34 91 
 -43 86 
 -45 -87 
 101 -52 
 -106 52 
 -37 -95 
 -76 74 
 115 -32 
 -97 67 
 -100 62 
 88 -69 
 57 91 
 95 -59 
 83 -78 
 -103 -62 
 73 -88 
 -96 -70 
 72 -88 
 114 -35 
 81 56 
 24 -108 
 -36 -95 
 110 -44 
 19 -109 
 28 -112 
 -19 97 
 49 96 
 -112 37 
 43 -91 
 -83 69 
 -20 -106 
 94 -62 
 48 -86 
 -111 33 
 -92 67 
 93 -59 
 -126 -42 
 21 116 
 -105 54 
 -45 -79 
 -71 78 
 95 -65 
 31 -100 
 32 81 
 57 89 
 107 -45 
 -109 55 
 117 19 
 93 55 
 50 94 
 -117 -45 
 22 113 
 -127 -21 
 -69 80 
 -119 -45 
 -96 68 
 -45 -82 
 -127 -33 
 20 97 
 -37 -94 
 -42 -91 
 39 96 
 -41 82 
 -102 63 
 41 100 
 77 60 
 -128 -32 
 -98 62 
 -117 -46 
 103 7 
 39 79 
 -103 -54 
 37 96 
 -69 81 
 75 -76 
 -120 -3 
 -115 37 
 30 -97 
 94 56 
 -28 -92 
 39 81 
 71 84 
 87 53 
 5 113 
 76 81 
 99 -60 
 -126 -27 
 -95 -67 
 93 -61 
 -127 -8 
 -76 78 
 -120 -7 
 -44 84 
 -115 -45 
 104 35 
 -46 -82 
 -129 0 
 85 53 
 110 -43 
 34 80 
 79 58 
 -97 -68 
 32 -94 
 -124 -33 
 -93 69 
 -67 83 
 -50 81 
 111 7 
 -97 64 
 -129 -26 
 49 98 
 73 -85 
 -47 -86 
 29 -107 
 -30 -94 
 100 -52 
 -126 -23 
 3 110 
 -3 -103 
 86 53 
 87 -74 
 39 -91 
 85 54 
 -31 94 
 62 -86 
 -104 62 
 106 7 
 -128 9 
 85 -76 
 -116 -42 
 63 90 
 62 89 
 73 -74 
 0 -98 
 -126 -34 
 -44 -79 
 24 111 
 87 -78 
 -126 -8 
 -2 -102 
 80 70 
 -98 -70 
 -128 10 
 45 97 
 -24 -100 
 -122 -42 
 -31 -96 
 -94 65 
 56 92 
 -120 -45 
 -42 87 
 -23 93 
 78 -82 
 -93 -67 
 -103 54 
 -80 70 
 98 33 
 -107 49 
 -127 0 
 -36 -92 
 85 -77 
 44 100 
 99 -61 
 -104 -56 
 65 -88 
 102 -51 
 48 -92 
 -32 93 
 102 -47 
 89 -69 
 -42 -81 
 95 -53 
 -124 -38 
 -23 -103 
 106 32 
 2 -109 
 0 -100 
 6 109 
 109 -39 
 -128 -2 
 79 70 
 33 -107 
 64 -86 
 -106 53 
 69 -83 
 73 -83 
 76 82 
 97 24 
 105 -43 
 -29 -87 
 -111 36 
 -112 50 
 -35 -93 
 -75 76 
 80 51 
 -116 -46 
 13 112 
 -42 83 
 -77 73 
 -44 87 
 84 -78 
 74 81 
 -42 86 
 97 25 
 60 -88 
 80 74 
 -46 85 
 -107 -53 
 74 -75 
 56 -92 
 -40 85 
 116 22 
 -123 -45 
 -121 -41 
 83 -77 
 114 15 
 -21 95 
 -83 66 
 -108 -52 
 -123 -7 
 4 -107 
 -130 -19 
 -95 -69 
 -87 -82 
 -45 84 
 -98 66 
 -25 95 
 94 51 
 71 -83 
 95 30 
 112 8 
 31 79 
 -18 -105 
 89 -68 
 80 -80 
 102 -46 
 -104 54 
 50 96 
 30 -109 
 -113 35 
 -42 -90 
 39 80 
 88 -78 
 -41 85 
 -80 72 
 45 -91 
 -96 -66 
 31 80 
 -15 -103 
 33 79 
 84 56 
 37 83 
 -94 -78 
 -5 -102 
 101 33 
 91 31 
 -4 -105 
 6 -114 
 54 89 
 -24 -102 
 31 -107 
 -101 -63 
 91 30 
 19 115 
 78 59 
 -79 70 
 100 -54 
 44 96 
 83 56 
 97 -60 
 -67 78 
 83 54 
 79 81 
 94 49 
 -31 -90 
 -24 94 
 110 8 
 -93 -76 
 -114 35 
 98 -55 
 74 82 
 -116 38 
 58 90 
 49 -87 
 -46 -88 
 108 -42 
 96 33 
 35 81 
 -125 -9 
 100 -55 
 -21 -103 
 -90 69 
 2 -110 
 46 87 
 -28 -90 
 27 104 
 -46 -87 
 112 27 
 70 86 
 -93 -78 
 -128 8 
 -128 -31 
 111 -43 
 -22 -97 
 48 97 
 36 78 
 -14 -105 
 -104 -59 
 90 -74 
 -123 -42 
 95 32 
 -122 7 
 24 110 
 113 12 
 20 -108 
 77 72 
 -3 -111 
 4 108 
 -126 -28 
 7 111 
 105 -44 
 5 -113 
 3 108 
 -128 -11 
 79 73 
 20 116 
 54 88 
 93 -67 
 -126 -31 
 82 58 
 76 83 
 -126 -10 
 79 54 
 75 72 
 47 -95 
 26 107 
 112 -27 
 -93 -75 
 93 53 
 3 -112 
 79 -80 
 70 87 
 111 11 
 107 -37 
 -83 65 
 116 24 
 28 104 
 2 -115 
 -25 96 
 -51 83 
 -31 92 
 -69 77 
 30 -96 
 10 111 
 53 93 
 87 -77 
 8 104 
 74 62 
 -92 -76 
 -93 65 
 80 -81 
 -45 -86 
 -108 52 
 -107 -51 
 50 97 
 -69 79 
 -101 65 
 -127 -31 
 -101 -64 
 -40 -95 
 -67 80 
 104 -45 
 -133 -18 
 75 -73 
 -80 69 
 -99 -49 
 -15 -101 
 63 85 
 74 -73 
 -41 -91 
 65 88 
 109 34 
 -17 -108 
 -94 67 
 -117 -43 
 -120 -6 
 52 93 
 -18 -106 
 38 95 
 -92 69 
 77 73 
 79 53 
 -24 93 
 -5 -106 
 -111 34 
 42 98 
 33 91 
 9 112 
 -99 66 
 108 -36 
 33 81 
 -124 -32 
 35 79 
 108 -45 
 -109 49 
 80 52 
 -74 78 
 1 -115 
 -58 71 
 -115 -42 
 29 -108 
 73 -75 
 34 96 
 114 18 
 -24 -98 
 -47 -85 
 -32 -90 
 103 -48 
 -24 95 
 -30 -87 
 44 -92 
 43 100 
 65 87 
 76 -77 
 7 110 
 -35 -94 
 -81 73 
 -127 -34 
 72 -83 
 -22 -106 
 -29 -92 
 99 33 
 51 97 
 98 23 
 116 19 
 113 23 
 19 -111 
 11 113 
 106 -40 
 81 76 
 102 -48 
 98 -52 
 -128 -16 
 -126 -12 
 -68 81 
 29 -112 
 -104 -52 
 112 12 
 59 -90 
 -61 77 
 48 96 
 -23 -104 
 -32 -92 
 34 95 
 -81 68 
 93 -63 
 113 -32 
 -93 71 
 -110 50 
 36 79 
 -127 7 
 -100 -60 
 102 -54 
 95 28 
 -126 8 
 107 29 
 -68 76 
 46 100 
 78 68 
 96 32 
 30 -108 
 77 62 
 -124 11 
 92 -66 
 20 -109 
 18 113 
 -42 -93 
 22 115 
 -86 -81 
 112 -30 
 -128 -21 
 88 51 
 -43 -80 
 106 33 
 -3 -102 
 -68 78 
 44 101 
 91 -63 
 19 111 
 92 43 
 78 54 
 -111 50 
 -103 -59 
 9 109 
 -95 69 
 109 -42 
 -4 -108 
 106 -46 
 -100 -58 
 -108 55 
 -97 -70 
 78 53 
 -99 62 
 90 -71 
 90 -49 
 100 -60 
 -89 -83 
 -22 -102 
 93 32 
 -25 -99 
 -33 -93 
 -123 -43 
 -95 -70 
 -74 77 
 77 80 
 42 99 
 -108 54 
 -127 -41 
 65 -89 
 -127 -27 
 37 -93 
 10 112 
 80 79 
 -67 81 
 -1 -103 
 64 -87 
 97 31 
 106 -44 
 80 77 
 40 96 
 57 90 
 -48 -87 
 37 -90 
 -44 86 
 109 8 
 -123 7 
 52 92 
 -102 -51 
 96 -60 
 -97 65 
 78 72 
 0 -109 
 21 114 
 17 113 
 -125 7 
 24 113 
 91 39 
 38 98 
 -104 -62 
 113 -33 
 33 82 
 -21 96 
 53 92 
 108 -44 
 -54 83 
 -32 -95 
 78 58 
 -22 -105 
 87 -76 
 3 -107 
 -128 -18 
 71 -86 
 25 108 
 -4 -103 
 -98 68 
 95 29 
 -52 83 
 89 -70 
 106 -48 
 -51 82 
 -124 10 
 -74 75 
 -126 2 
 -44 -84 
 -60 78 
 84 57 
 56 90 
 -33 91 
 29 -97 
 -101 63 
 88 -74 
 -109 -53 
 -30 -91 
 -92 -77 
 78 79 
 46 97 
 -51 84 
 116 17 
 -105 -50 
 98 34 
 63 -87 
 34 92 
 32 -108 
 94 43 
 -67 77 
 -112 35 
 -34 92 
 -31 -91 
 56 88 
 73 -73 
 -125 -34 
 -94 -76 
 89 52 
 79 72 
 108 -19 
 95 46 
 115 -34 
 102 -52 
 -3 -109 
 90 -76 
 -86 -80 
 -93 -77 
 -132 -16 
 -93 -71 
 82 -82 
 31 -99 
 91 -43 
 29 105 
 108 28 
 104 34 
 103 -49 
 82 -79 
 93 44 
 93 29 
 -42 -94 
 -6 96 
 -110 34 
 -44 -78 
 6 -109 
 -41 -93 
 79 75 
 -102 -60 
 76 -76 
 97 23 
 92 41 
 20 -110 
 -107 -52 
 81 -81 
 29 106 
 33 -108 
 2 110 
 -41 83 
 95 45 
 -93 67 
 -3 -99 
 -122 -7 
 103 8 
 92 40 
 29 -104 
 -128 -25 
 104 -46 
 -114 -42 
 -121 -3 
 10 113 
 -22 -104 
 -109 51 
 -22 -101 
 61 -89 
 -48 85 
 107 -40 
 88 -76 
 -45 -83 
 3 -113 
 8 108 
 -23 -102 
 88 -73 
 26 105 
 -101 -65 
 -32 -93 
 89 -76 
 -101 -49 
 -50 85 
 46 95 
 -4 -104 
 82 52 
 104 -44 
 -128 -30 
 30 -112 
 -129 -25 
 -23 -97 
 -45 -89 
 112 -26 
 80 76 
 74 72 
 -31 87 
 -103 -64 
 77 78 
 89 -48 
 108 -20 
 105 7 
 -101 -62 
 -73 79 
 38 79 
 -28 -88 
 42 100 
 -95 -77 
 115 15 
 36 80 
 -129 -18 
 34 -95 
 49 -91 
 30 -105 
 71 -85 
 -130 0 
 -2 -109 
 -101 -48 
 -132 -17 
 105 9 
 55 88 
 -66 81 
 75 83 
 75 80 
 98 -54 
 113 -35 
 -114 -44 
 -80 73 
 113 -26 
 -82 66 
 94 -61 
 24 109 
 -15 -104 
 32 80 
 113 -31 
 -37 -91 
 -43 83 
 -132 -19 
 98 -62 
 94 46 
 -123 -40 
 -113 33 
 116 -34 
 32 -99 
 -108 50 
 99 -58 
 7 -114 
 -94 -77 
 -81 71 
 70 -80 
 58 -90 
 14 112 
 -115 39 
 109 -40 
 -3 -107 
 -70 80 
 -100 65 
 79 48 
 72 86 
 -33 -95 
 46 -91 
 -128 1 
 53 95 
 -133 -21 
 98 37 
 -3 -110 
 6 112 
 32 89 
 -103 -52 
 5 110 
 41 98 
 -18 -104 
 -23 -105 
 -3 -108 
 -98 -65 
 -127 -3 
 -105 -51 
 -126 -2 
 -59 78 
 92 31 
 108 8 
 94 34 
 116 18 
 92 -63 
 43 101 
 -37 93 
 -127 -25 
 -20 97 
 105 -48 
 -126 -13 
 24 112 
 45 -93 
 86 54 
 30 80 
 -125 -37 
 5 112 
 115 -33 
 107 37 
 -121 -7 
 -80 68 
 73 -84 
 -18 -107 
 100 -57 
 97 34 
 -99 61 
 -100 -61 
 90 -68 
 37 79 
 108 36 
 48 -94 
 108 7 
 66 -88 
 -126 -39 
 114 -29 
 2 -116 
 -67 79 
 -33 -99 
 -2 -107 
 -124 -43 
 -93 -73 
 -3 -106 
 -121 8 
 -46 -89 
 -102 -63 
 74 71 
 91 40 
 84 55 
 -44 -77 
 90 -48 
 3 -109 
 45 -94 
 -122 8 
 -128 -34 
 -103 -61 
 93 -66 
 -30 90 
 99 -50 
 -131 -20 
 -5 -109 
 54 92 
 46 98 
 -21 -101 
 107 33 
 -127 -40 
 6 -113 
 94 -63 
 47 -96 
 32 79 
 99 -52 
 -89 69 
 -96 -68 
 -39 85 
 51 96 
 -2 -101 
 51 91 
 -117 -47 
 104 -47 
 -112 36 
 -73 76 
 98 -58 
 71 -88 
 35 80 
 38 -89 
 -128 -26 
 -126 0 
 -37 92 
 92 56 
 -130 -22 
 -58 76 
 -39 -94 
 102 8 
 29 108 
 31 81 
 -128 -10 
 -49 84 
 -108 56 
 48 -91 
 23 110 
 -118 -43 
 -128 -36 
 30 -100 
 33 90 
 34 82 
 29 -105 
 75 81 
 -100 66 
 9 115 
 93 40 
 -47 -87 
 -106 -62 
 47 -93 
 63 86 
 -115 -43 
 115 20 
 74 61 
 25 110 
 -4 -106 
 -92 -75 
 -110 53 
 108 -41 
 -37 91 
 7 -115 
 47 99 
 19 -108 
 -29 -94 
 101 -57 
 107 -42 
 -51 81 
 -78 72 
 -126 9 
 -18 -102 
 -2 -108 
 80 -78 
 21 -109 
 94 -59 
 -106 -54 
 0 -99 
 -119 -7 
 27 106 
 46 -94 
 87 54 
 41 -92 
 -40 86 
 -96 67 
 77 70 
 105 -49 
 40 -91 
 107 -38 
 -44 85 
 96 35 
 21 99 
 112 -29 
 -63 78 
 32 -100 
 81 53 
 17 -109 
 30 -99 
 55 90 
 27 103 
 -32 86 
 108 -40 
 -103 -65 
 -30 -88 
 -33 -98 
 74 -82 
 109 -19 
 -127 8 
 -117 -44 
 22 -109 
 -34 -96 
 38 80 
 -19 -107 
 23 115 
 79 79 
 -91 -75 
 -66 79 
 70 -83 
 -54 -82 
 -40 -94 
 79 77 
 -93 68 
 92 55 
 -82 67 
 116 16 
 62 -88 
 -18 96 
 -128 -24 
 82 56 
 -126 1 
 -127 -9 
 -116 -43 
 -102 -61 
 91 54 
 28 -110 
 -33 93 
 101 -49 
 -35 92 
 4 109 
 98 35 
 31 92 
 108 -46 
 -132 -21 
 -123 -8 
 -124 0 
 -6 -102 
 57 -90 
 70 -82 
 21 97 
 97 -56 
 93 41 
 79 59 
 23 114 
 38 -90 
 71 86 
 -29 -91 
 -128 -6 
 114 20 
 11 111 
 98 -50 
 99 34 
 117 23 
 80 -79 
 86 -77 
 78 60 
 82 53 
 -86 -46 
 90 -70 
 -127 -30 
 93 31 
 -82 71 
 117 16 
 -96 -71 
 22 112 
 90 -50 
 100 -51 
 88 -47 
 -33 92 
 100 -50 
 -125 -40 
 77 82 
 36 82 
 97 35 
 89 -66 
 -126 -35 
 54 90 
 -32 -87 
 -47 -89 
 -20 -102 
 -17 -107 
 61 88 
 75 -75 
 92 30 
 104 -48 
 97 37 
 -126 -40 
 84 58 
 10 114 
 -100 -49 
 -68 80 
 62 90 
 4 112 
 -37 -97 
 55 92 
 93 28 
 20 115 
 -126 -33 
 46 -95 
 80 60 
 -126 -32 
 -118 -44 
 25 109 
 76 60 
 -127 -35 
 -107 56 
 77 58 
 -94 69 
 91 -68 
 -33 -97 
 118 21 
 94 -60 
 47 96 
 -126 -26 
 46 96 
 6 108 
 32 -96 
 -123 -39 
 -40 -96 
 13 113 
 57 -91 
 51 94 
 110 -39 
 -105 -53 
 -89 -81 
 61 87 
 31 -96 
 107 -39 
 -88 69 
 -120 -8 
 89 -49 
 -94 66 
 -102 64 
 45 101 
 -56 72 
 64 -89 
 106 35 
 -128 2 
 92 -68 
 21 111 
 73 85 
 37 82 
 -27 -87 
 -78 73 
 27 -109 
 99 -51 
 -36 -90 
 -41 -92 
 1 -111 
 -126 -3 
 -93 70 
 -98 63 
 95 34 
 42 101 
 33 -99 
 103 35 
 5 109 
 116 23 
 -119 -43 
 -52 84 
 44 -90 
 -127 -36 
 113 29 
 -125 10 
 -127 -7 
 99 -57 
 38 -93 
 36 95 
 96 26 
 55 91 
 32 -109 
 -76 73 
 -31 -86 
 77 63 
 38 81 
 46 -93 
 32 88 
 56 91 
 -22 -100 
 108 -39 
 113 22 
 -19 -105 
 -83 67 
 92 -62 
 18 -109 
 -97 -66 
 108 -38 
 1 -110 
 -128 -7 
 -63 77 
 -87 -81 
 -125 0 
 -27 -86 
 -127 -10 
 76 58 
 94 -65 
 13 111 
 -70 77 
 -105 -56 
 -96 -69 
 98 -60 
 -99 -63 
 93 30 
 -38 92 
 30 92 
 -127 2 
 92 44 
 -115 38 
 -17 -106 
 31 -97 
 33 92 
 -31 90 
 -123 -3 
 -22 -98 
 74 -83 
 -110 36 
 -97 -71 
 -101 -59 
 29 -111 
 4 -108 
 90 30 
 113 -29 
 -132 -22 
 101 -51 
 -121 -46 
 -101 62 
 7 108 
 -16 -104 
 -129 -30 
 115 21 
 -95 -71 
 -50 83 
 -129 -20 
 -124 -41 
 -40 -93 
 37 78 
 -31 95 
 -107 52 
 -79 74 
 79 49 
 22 111 
 -25 92 
 105 34 
 -37 -93 
 -4 -102 
 45 96 
 63 -86 
 -71 77 
 -53 84 
 111 10 
 97 44 
 -111 49 
 80 53 
 -19 -104 
 88 -75 
 112 11 
 -113 34 
 63 -88 
 -51 85 
 33 95 
 100 33 
 -14 -102 
 -77 75 
 73 87 
 -97 -67 
 93 57 
 -2 -99 
 19 -110 
 79 80 
 -96 64 
 5 -116 
 78 71 
 72 83 
 -108 51 
 -31 -95 
 -109 48 
 -126 -22 
 44 102 
 -106 -56 
 94 32 
 32 94 
 -17 -109 
 30 -111 
 44 -91 
 87 -75 
 -103 -53 
 -125 3 
 28 -113 
 -111 48 
 -104 -53 
 -111 37 
 96 -58 
 34 94 
 29 107 
 -76 76 
 -104 -57 
 -113 38 
 62 87 
 93 54 
 74 63 
 116 20 
 105 -46 
 -120 -4 
 24 108 
 47 -92 
 39 -90 
 39 82 
 -24 -99 
 94 40 
 90 41 
 -129 -10 
 85 56 
 -129 -33 
 28 109 
 59 -89 
 44 -94 
 -107 53 
 -76 72 
 50 -90 
 -36 94 
 -30 -89 
 -49 81 
 -127 -39 
 95 31 
 0 -101 
 69 -82 
 96 44 
 109 7 
 99 -55 
 96 -62 
 23 113 
 43 99 
 -126 -1 
 -15 -102 
 30 -107 
 -98 64 
 -92 -74 
 48 95 
 -128 -1 
 46 99 
 -119 -3 
 -102 -50 
 -45 85 
 118 20 
 111 6 
 -122 -6 
 48 -95 
 -32 -94 
 54 93 
 -20 -103 
 -126 -38 
 93 45 
 77 -79 
 -1 -109 
 27 107 
 -24 92 
 -29 -90 
 23 97 
 -120 -40 
 5 -109 
 89 -50 
 -73 78 
 72 88 
 -95 66 
 93 56 
 -20 -104 
 91 43 
 -127 -22 
 83 53 
 20 114 
 87 -69 
 -43 -81 
 34 -108 
 -125 11 
 -95 -68 
 47 87 
 109 -41 
 27 105 
 93 52 
 102 -49 
 -130 -21 
 70 -81 
 -95 65 
 90 -66 
 -110 51 
 -60 76 
 89 -47 
 78 80 
 89 -67 
 -101 -60 
 -126 -9 
 -121 -45 
 98 38 
 40 98 
 -120 -42 
 -102 -54 
 104 36 
 -43 -91 
 -28 -86 
 76 62 
 114 -36 
 -125 -27 
 93 33 
 91 53 
 45 98 
 -111 53 
 103 -45 
 32 -97 
 107 -43 
 -122 -3 
 105 8 
 21 115 
 29 -110 
 52 91 
 47 -91 
 -67 82 
 -2 -100 
 7 112 
 45 -92 
 78 69 
 78 81 
 -132 -20 
 -79 73 
 -40 83 
 -16 -107 
 21 113 
 -103 -55 
 4 -115 
 -48 84 
 98 22 
 47 -97 
 -116 -45 
 -132 -18 
 -131 -22 
 96 23 
 -105 -62 
 -90 68 
 -1 -100 
 115 16 
 79 71 
 106 8 
 -128 -38 
 -16 -103 
 5 -115 
 32 -110 
 29 -109 
 -26 96 
 96 -59 
 78 -80 
 -98 67 
 20 112 
 111 5 
 28 -109 
 114 -33 
 -24 -101 
 -64 78 
 94 53 
 113 13 
 110 34 
 -129 -32 
 53 89 
 105 35 
 37 95 
 -100 64 
 -94 -72 
 -75 74 
 78 82 
 -122 -43 
 99 35 
 -105 -52 
 -105 53 
 71 -87 
 50 92 
 93 51 
 80 71 
 38 99 
 98 44 
 -91 -74 
 22 116 
 -31 -94 
 66 88 
 -114 38 
 115 18 
 88 53 
 82 55 
 96 -61 
 28 -108 
 -60 80 
 74 -84 
 -28 -87 
 53 88 
 -17 -105 
 53 90 
 -125 -2 
 5 111 
 -85 -47 
 95 35 
 -100 -63 
 10 116 
 71 83 
 39 95 
 94 28 
 -127 -37 
 32 -95 
 81 -78 
 -108 53 
 92 54 
 -57 77 
 49 -95 
 38 100 
 101 -45 
 93 42 
 37 77 
 112 -28 
 64 87 
 92 -69 
 76 80 
 -25 -101 
 21 98 
 40 99 
 38 -94 
 45 99 
 112 16 
 91 -69 
 100 -48 
 -110 48 
 -43 84 
 -73 75 
 106 -43 
 57 -93 
 -108 49 
 92 -64 
 33 89 
 78 -79 
 -109 53 
 -102 -49 
 -29 87 
 -34 -98 
 107 31 
 -59 75 
 81 59 
 -98 60 
 -22 94 
 81 52 
 72 87 
 -102 -52 
 3 111 
 -43 -82 
 113 16 
 -128 -27 
 -58 78 
 -98 -67 
 33 -96 
 104 8 
 32 -107 
 38 -91 
 93 -65 
 -42 82 
 -125 -13 
 30 -94 
 4 -106 
 -38 -96 
 -127 9 
 -92 66 
 -15 -105 
 113 28 
 95 -60 
 76 84 
 92 52 
 41 -91 
 86 -78 
 3 -115 
 106 -42 
 49 97 
 -106 -55 
 -45 87 
 -126 7 
 -44 88 
 74 80 
 -38 -95 
 94 44 
 40 80 
 89 -74 
 -40 -92 
 -17 -103 
 114 21 
 -45 -81 
 6 110 
 52 88 
 31 -98 
 -38 -93 
 -1 -101 
 -46 -86 
 -55 83 
 71 85 
 70 -84 
 -92 70 
 -127 -28 
 113 -28 
 63 88 
 25 107 
 -104 -63 
 97 -57 
 110 -38 
 -33 -96 
 -123 -1 
 32 91 
 73 81 
 -125 -32 
 50 98 
 16 112 
 82 57 
 8 -114 
 73 -86 
 4 -113 
 97 -53 
 28 -111 
 -90 -82 
 79 74 
 -39 -92 
 -121 -44 
 88 52 
 96 -53 
 -32 90 
 -106 54 
 -104 -55 
 -59 79 
 8 103 
 32 92 
 -65 81 
 -128 -40 
 78 78 
 94 30 
 110 9 
 117 21 
 92 -70 
 -27 -92 
 -88 -82 
 -2 -106 
 76 61 
 73 86 
 53 94 
 34 -94 
 94 48 
 34 93 
 108 33 
 -30 -86 
 -17 -104 
 -18 -103 
 63 87 
 3 109 
 -120 -44 
 117 15 
 114 22 
 -77 71 
 91 -47 
 95 44 
 83 -79 
 -79 71 
 12 113 
 106 36 
 -73 77 
 79 69 
 78 70 
 75 63 
 -29 -95 
 -30 88 
 28 106 
 61 85 
 -134 -18 
 6 -108 
 82 76 
 96 34 
 -127 -26 
 64 -90 
 -123 8 
 0 -108 
 22 -108 
 -126 -30 
 98 -56 
 72 -86 
 -54 84 
 -102 -64 
 -105 -55 
 105 -47 
 -107 -55 
 83 55 
 -21 -99 
 -42 -80 
 -37 -96 
 -36 93 
 84 -77 
 88 -67 
 113 25 
 -103 53 
 -44 -81 
 -13 -102 
 92 42 
 -131 -21 
 46 -92 
 71 -82 
 -33 -94 
 93 -64 
 74 -74 
 -62 77 
 -128 0 
 -89 -82 
 105 -45 
 57 -92 
 -31 -87 
 70 85 
 -43 85 
 113 17 
 -44 -80 
 114 27 
 25 101 
 65 85 
 -22 95 
 -22 -99 
 -123 -44 
 80 59 
 -72 76 
 112 7 
 1 -101 
 31 91 
 72 -87 
 -129 1 
 45 100 
 -66 80 
 99 -54 
 112 10 
 -111 47 
 -80 74 
 33 -109 
 -116 -41 
 -66 82 
 75 62 
 -77 74 
 33 83 
 63 89 
 -122 -40 
 -21 -102 
 -107 57 
 -104 -50 
 -80 71 
 -127 3 
 97 -58 
 101 -48 
 -104 -60 
 43 102 
 -81 69 
 91 42 
 18 -110 
 90 -64 
 94 -66 
 3 -111 
 -103 -63 
 -101 -61 
 -78 74 
 5 -107 
 -36 92 
 -122 -2 
 74 60 
 50 93 
 78 74 
 8 106 
 100 -53 
 -100 -48 
 -107 -54 
 109 -45 
 -124 -8 
 107 36 
 -124 -42 
 -60 77 
 117 18 
 -28 -94 
 -33 86 
 -94 64 
 3 -114 
 -22 96 
 99 -59 
 -108 -53 
 78 73 
 -22 -96 
 55 89 
 113 26 
 -42 85 
 -93 -68 
 88 -70 
 -97 66 
 -49 80 
 90 -73 
 -124 -34 
 41 99 
 108 6 
 113 24 
 -5 -104 
 94 45 
 113 27 
 118 16 
 65 86 
 107 32 
 49 -89 
 -1 -102 
 -59 73 
 0 -102 
 52 96 
 69 -81 
 36 90 
 -122 -46 
 -124 9 
 35 91 
 96 28 
 44 98 
 64 -88 
 107 7 
 -103 62 
 78 -81 
 -119 -44 
 -125 9 
 71 -81 
 95 47 
 26 109 
 38 -92 
 -19 95 
 -28 -93 
 101 -55 
 69 85 
 -39 -95 
 98 -61 
 48 94 
 4 -114 
 -95 -76 
 61 -88 
 117 22 
 -107 55 
 88 -72 
 -133 -17 
 114 14 
 78 56 
 -41 -90 
 49 -90 
 99 38 
 -50 82 
 -38 -92 
 3 -108 
 37 81 
 -23 -98 
 -125 -42 
 -131 -19 
 82 -80 
 -113 37 
 31 -94 
 109 -38 
 106 34 
 -4 -109 
 39 98 
 -20 -105 
 48 88 
 110 7 
 -77 72 
 15 113 
 -52 82 
 97 -59 
 -49 -87 
 66 86 
 90 -67 
 106 -45 
 99 36 
 102 -53 
 -76 75 
 39 -89 
 28 108 
 101 -47 
 104 7 
 114 -34 
 116 21 
 96 36 
 -115 -44 
 109 -44 
 93 -69 
 35 78 
 39 -92 
 -5 -101 
 90 42 
 81 71 
 76 78 
 112 22 
 99 37 
 81 -82 
 10 115 
 -45 -77 
 53 91 
 -5 -105 
 5 108 
 9 110 
 27 -111 
 90 -47 
 77 59 
 7 109 
 38 96 
 -27 -93 
 7 113 
 107 28 
 -75 78 
 -31 93 
 98 36 
 108 -37 
 115 -35 
 -125 -38 
 47 -94 
 80 73 
 -112 34 
 113 -25 
 -98 -66 
 77 77 
 -45 -85 
 -128 -33 
 -53 83 
 9 113 
 82 -78 
 90 -69 
 -102 61 
 2 -108 
 37 94 
 95 27 
 31 -95 
 4 -109 
 -107 54 
 -95 67 
 95 49 
 -102 62 
 108 34 
 -129 -19 
 -102 60 
 94 29 
 79 76 
 40 97 
 -112 33 
 -1 -110 
 119 21 
 -25 97 
 -97 -65 
 -44 -87 
 8 111 
 33 94 
 -34 86 
 44 99 
 -123 -2 
 -107 51 
 74 86 
 -32 -96 
 -21 -105 
 81 57 
 -122 -41 
 -57 71 
 -60 79 
 88 -49 
