-28 18 156
-18 98 156
-18 88 156
-18 78 156
-18 68 156
-18 58 156
-18 48 156
-18 38 156
-18 28 156
-18 18 156
-18 8 156
-18 -2 156
-18 -12 156
-18 -22 156
-18 -32 156
-8 108 156
-8 98 156
-8 88 156
-8 78 156
-8 68 156
-8 58 156
-8 48 156
-8 38 156
-8 28 156
-8 18 156
-8 8 156
-8 -2 156
-8 -12 156
-8 -22 156
-8 -32 156
-8 -42 156
2 108 156
2 98 156
2 88 156
2 78 156
2 68 156
2 58 156
2 48 156
2 38 156
2 28 156
2 18 156
2 8 156
2 -2 156
2 -12 156
2 -22 156
2 -32 156
2 -42 156
2 -52 156
12 88 156
12 78 156
12 68 156
12 58 156
12 48 156
12 38 156
12 28 156
12 18 156
12 -2 156
12 -32 156
22 98 156
22 88 156
22 78 156
22 68 156
22 58 156
22 48 156
22 8 156
32 8 156
