-77 127
-76 127
-75 127
-74 127
-73 127
-72 127
-71 127
-70 127
-69 127
-68 127
-67 127
-66 127
-65 127
-64 127
-63 127
-62 127
-61 127
-60 127
-59 127
-58 127
-57 127
-56 127
-55 127
-54 127
-53 127
-52 127
-51 127
-50 127
-49 127
-48 127
-47 127
-46 127
-45 127
-44 127
-43 127
-42 127
-41 127
-40 127
-39 127
-38 127
-37 127
-36 127
-35 127
-34 127
-33 127
-32 127
-31 127
-30 127
-29 127
-28 127
-27 127
-26 127
-25 127
-24 127
-23 127
-22 127
-21 127
-20 127
-19 127
-18 127
-17 127
-16 127
-15 127
-14 127
-13 127
-12 127
-11 127
-10 127
-9 127
-8 127
-7 127
-6 127
-5 127
-4 127
-3 127
-2 127
-1 127
0 127
1 127
2 127
3 127
4 127
5 127
6 127
7 127
8 127
9 127
10 127
11 127
12 127
13 127
14 127
15 127
16 127
17 127
18 127
19 127
20 127
21 127
22 127
23 127
24 127
25 127
26 127
27 127
28 127
29 127
30 127
31 127
32 127
33 127
34 127
35 127
36 127
37 127
38 127
39 127
40 127
41 127
42 127
43 127
44 127
45 127
46 127
47 127
48 127
49 127
50 127
51 127
52 127
53 127
54 127
55 127
56 127
57 127
58 127
59 127
60 127
61 127
62 127
63 127
64 127
65 127
66 127
67 127
68 127
69 127
70 127
71 127
72 127
73 127
74 127
75 127
76 127
77 127
-77 126
-76 126
-75 126
-74 126
-73 126
-72 126
-71 126
-70 126
-69 126
-68 126
-67 126
-66 126
-65 126
-64 126
-63 126
-62 126
-61 126
-60 126
-59 126
-58 126
-57 126
-56 126
-55 126
-54 126
-53 126
-52 126
-51 126
-50 126
-49 126
-48 126
-47 126
-46 126
-45 126
-44 126
-43 126
-42 126
-41 126
-40 126
-39 126
-38 126
-37 126
-36 126
-35 126
-34 126
-33 126
-32 126
-31 126
-30 126
-29 126
-28 126
-27 126
-26 126
-25 126
-24 126
-23 126
-22 126
-21 126
-20 126
-19 126
-18 126
-17 126
-16 126
-15 126
-14 126
-13 126
-12 126
-11 126
-10 126
-9 126
-8 126
-7 126
-6 126
-5 126
-4 126
-3 126
-2 126
-1 126
0 126
1 126
2 126
3 126
4 126
5 126
6 126
7 126
8 126
9 126
10 126
11 126
12 126
13 126
14 126
15 126
16 126
17 126
18 126
19 126
20 126
21 126
22 126
23 126
24 126
25 126
26 126
27 126
28 126
29 126
30 126
31 126
32 126
33 126
34 126
35 126
36 126
37 126
38 126
39 126
40 126
41 126
42 126
43 126
44 126
45 126
46 126
47 126
48 126
49 126
50 126
51 126
52 126
53 126
54 126
55 126
56 126
57 126
58 126
59 126
60 126
61 126
62 126
63 126
64 126
65 126
66 126
67 126
68 126
69 126
70 126
71 126
72 126
73 126
74 126
75 126
76 126
77 126
-77 125
-76 125
76 125
77 125
-77 124
-76 124
76 124
77 124
-77 123
-76 123
76 123
77 123
-77 122
-76 122
-20 122
76 122
77 122
-77 121
-76 121
-20 121
76 121
77 121
-77 120
-76 120
-22 120
-21 120
-20 120
-19 120
-18 120
76 120
77 120
-77 119
-76 119
-22 119
-20 119
76 119
77 119
-77 118
-76 118
-68 118
-67 118
-66 118
-65 118
-64 118
-63 118
-62 118
-61 118
-60 118
-59 118
-58 118
-47 118
-40 118
-33 118
-22 118
-21 118
-20 118
76 118
77 118
-77 117
-76 117
-70 117
-68 117
-67 117
-66 117
-65 117
-64 117
-63 117
-62 117
-61 117
-60 117
-59 117
-58 117
-48 117
-47 117
-46 117
-41 117
-40 117
-39 117
-34 117
-33 117
-32 117
76 117
77 117
-77 116
-76 116
-71 116
-70 116
-69 116
-68 116
-67 116
-66 116
-65 116
-64 116
-63 116
-62 116
-61 116
-60 116
-59 116
-58 116
-57 116
-56 116
-48 116
-47 116
-46 116
-41 116
-40 116
-39 116
-38 116
-35 116
-34 116
-33 116
-32 116
76 116
77 116
-77 115
-76 115
-72 115
-71 115
-70 115
-69 115
-68 115
-67 115
-66 115
-65 115
-64 115
-63 115
-62 115
-61 115
-60 115
-59 115
-58 115
-57 115
-56 115
-41 115
-40 115
-39 115
-34 115
-33 115
-32 115
76 115
77 115
-77 114
-76 114
-72 114
-71 114
-70 114
-69 114
-68 114
-67 114
-66 114
-65 114
-64 114
-63 114
-62 114
-61 114
-60 114
-59 114
-58 114
-57 114
-56 114
-4 114
28 114
29 114
30 114
76 114
77 114
-77 113
-76 113
-72 113
-71 113
-70 113
-69 113
-68 113
-67 113
-66 113
-65 113
-64 113
-63 113
-62 113
-61 113
-60 113
-59 113
-58 113
-57 113
-56 113
-4 113
29 113
30 113
76 113
77 113
-77 112
-76 112
-72 112
-71 112
-70 112
-69 112
-68 112
-67 112
-66 112
-65 112
-64 112
-63 112
-62 112
-61 112
-60 112
-59 112
-58 112
-57 112
-4 112
26 112
28 112
29 112
30 112
31 112
32 112
44 112
45 112
46 112
47 112
48 112
49 112
50 112
51 112
52 112
53 112
54 112
55 112
56 112
76 112
77 112
-77 111
-76 111
-72 111
-71 111
-70 111
-69 111
-68 111
-67 111
-66 111
-65 111
-64 111
-63 111
-62 111
-61 111
-60 111
-59 111
-58 111
-47 111
-46 111
-40 111
-39 111
-38 111
-17 111
26 111
27 111
28 111
29 111
30 111
31 111
32 111
45 111
46 111
47 111
48 111
49 111
50 111
51 111
52 111
53 111
54 111
56 111
57 111
76 111
77 111
-77 110
-76 110
-72 110
-71 110
-70 110
-69 110
-68 110
-67 110
-66 110
-65 110
-64 110
-63 110
-62 110
-61 110
-60 110
-59 110
-58 110
-47 110
-46 110
-45 110
-40 110
-39 110
-38 110
-37 110
-32 110
-18 110
-16 110
-6 110
26 110
27 110
28 110
29 110
30 110
31 110
32 110
34 110
42 110
43 110
44 110
45 110
46 110
47 110
48 110
49 110
50 110
51 110
52 110
53 110
54 110
55 110
56 110
57 110
58 110
76 110
77 110
-77 109
-76 109
-72 109
-71 109
-70 109
-69 109
-68 109
-67 109
-66 109
-65 109
-64 109
-63 109
-62 109
-61 109
-60 109
-59 109
-58 109
-47 109
-46 109
-40 109
-39 109
-38 109
-37 109
-33 109
-32 109
-31 109
-18 109
-16 109
26 109
27 109
28 109
29 109
30 109
31 109
32 109
33 109
34 109
42 109
43 109
44 109
45 109
46 109
47 109
48 109
49 109
50 109
51 109
52 109
53 109
54 109
55 109
56 109
57 109
58 109
76 109
77 109
-77 108
-76 108
-72 108
-71 108
-70 108
-69 108
-68 108
-67 108
-66 108
-65 108
-64 108
-63 108
-62 108
-61 108
-60 108
-59 108
-58 108
-40 108
-39 108
-38 108
-33 108
-32 108
-31 108
-18 108
-16 108
26 108
27 108
28 108
29 108
30 108
31 108
32 108
33 108
34 108
42 108
43 108
44 108
45 108
46 108
47 108
48 108
49 108
50 108
51 108
52 108
53 108
54 108
55 108
56 108
57 108
58 108
76 108
77 108
-77 107
-76 107
-72 107
-71 107
-70 107
-69 107
-68 107
-67 107
-66 107
-65 107
-64 107
-63 107
-62 107
-61 107
-60 107
-59 107
-58 107
-18 107
-16 107
26 107
27 107
28 107
29 107
30 107
31 107
32 107
33 107
34 107
42 107
46 107
47 107
48 107
49 107
50 107
51 107
52 107
53 107
54 107
55 107
56 107
57 107
58 107
76 107
77 107
-77 106
-76 106
-72 106
-71 106
-70 106
-69 106
-68 106
-67 106
-66 106
-65 106
-64 106
-63 106
-62 106
-61 106
-60 106
-59 106
-58 106
-18 106
-16 106
30 106
31 106
32 106
33 106
34 106
35 106
36 106
46 106
47 106
48 106
49 106
50 106
51 106
52 106
53 106
54 106
55 106
56 106
57 106
58 106
76 106
77 106
-77 105
-76 105
-72 105
-71 105
-70 105
-69 105
-68 105
-67 105
-66 105
-65 105
-64 105
-63 105
-62 105
-61 105
-60 105
-59 105
-58 105
-44 105
-37 105
-36 105
-35 105
-18 105
-16 105
30 105
31 105
32 105
33 105
34 105
35 105
36 105
46 105
47 105
48 105
49 105
50 105
51 105
52 105
53 105
54 105
55 105
56 105
76 105
77 105
-77 104
-76 104
-72 104
-71 104
-70 104
-69 104
-68 104
-67 104
-66 104
-65 104
-64 104
-63 104
-62 104
-61 104
-60 104
-59 104
-58 104
-45 104
-44 104
-43 104
-37 104
-36 104
-35 104
-18 104
-16 104
31 104
32 104
33 104
34 104
35 104
36 104
76 104
77 104
-77 103
-76 103
-72 103
-71 103
-70 103
-69 103
-68 103
-67 103
-66 103
-65 103
-64 103
-63 103
-62 103
-61 103
-60 103
-59 103
-58 103
-45 103
-44 103
-43 103
-37 103
-36 103
-35 103
-16 103
31 103
32 103
33 103
34 103
35 103
36 103
76 103
77 103
-77 102
-76 102
-72 102
-71 102
-70 102
-69 102
-68 102
-67 102
-66 102
-65 102
-64 102
-63 102
-62 102
-61 102
-60 102
-59 102
-58 102
-57 102
-56 102
-36 102
-35 102
-31 102
-18 102
-16 102
28 102
29 102
30 102
31 102
32 102
33 102
34 102
35 102
36 102
46 102
47 102
48 102
49 102
50 102
51 102
52 102
53 102
54 102
55 102
56 102
76 102
77 102
-77 101
-76 101
-72 101
-71 101
-70 101
-69 101
-68 101
-67 101
-66 101
-65 101
-64 101
-63 101
-62 101
-61 101
-60 101
-59 101
-58 101
-57 101
-56 101
-32 101
-31 101
-30 101
28 101
29 101
30 101
31 101
32 101
33 101
34 101
35 101
36 101
46 101
47 101
48 101
49 101
50 101
51 101
52 101
53 101
54 101
55 101
56 101
76 101
77 101
-77 100
-76 100
-72 100
-71 100
-70 100
-69 100
-68 100
-67 100
-66 100
-65 100
-64 100
-63 100
-62 100
-61 100
-60 100
-59 100
-58 100
-57 100
-56 100
-47 100
-32 100
-31 100
-30 100
27 100
28 100
29 100
30 100
31 100
32 100
33 100
34 100
35 100
36 100
44 100
45 100
46 100
47 100
48 100
49 100
50 100
51 100
52 100
53 100
54 100
55 100
56 100
76 100
77 100
-77 99
-76 99
-72 99
-71 99
-70 99
-69 99
-68 99
-67 99
-66 99
-65 99
-64 99
-63 99
-62 99
-61 99
-60 99
-59 99
-58 99
-57 99
-56 99
-48 99
-47 99
-46 99
-41 99
-40 99
-39 99
-31 99
27 99
28 99
29 99
30 99
31 99
32 99
33 99
34 99
35 99
36 99
44 99
45 99
46 99
47 99
48 99
49 99
50 99
51 99
52 99
53 99
54 99
55 99
56 99
76 99
77 99
-77 98
-76 98
-72 98
-71 98
-70 98
-69 98
-68 98
-67 98
-66 98
-65 98
-64 98
-63 98
-62 98
-61 98
-60 98
-59 98
-58 98
-57 98
-56 98
-48 98
-47 98
-46 98
-41 98
-40 98
-39 98
27 98
28 98
29 98
30 98
31 98
32 98
33 98
34 98
35 98
36 98
44 98
45 98
46 98
47 98
48 98
49 98
50 98
51 98
52 98
53 98
54 98
55 98
56 98
76 98
77 98
-77 97
-76 97
-72 97
-71 97
-70 97
-69 97
-68 97
-67 97
-66 97
-65 97
-64 97
-63 97
-62 97
-61 97
-60 97
-59 97
-58 97
-57 97
-56 97
-40 97
-34 97
-33 97
27 97
28 97
29 97
30 97
31 97
32 97
33 97
34 97
35 97
36 97
46 97
47 97
48 97
49 97
50 97
51 97
52 97
53 97
54 97
55 97
56 97
76 97
77 97
-77 96
-76 96
-72 96
-71 96
-70 96
-69 96
-68 96
-67 96
-66 96
-65 96
-64 96
-63 96
-62 96
-61 96
-60 96
-59 96
-58 96
-57 96
-56 96
-35 96
-34 96
-33 96
27 96
28 96
29 96
30 96
31 96
32 96
33 96
34 96
35 96
36 96
44 96
45 96
46 96
47 96
48 96
49 96
50 96
51 96
52 96
53 96
54 96
76 96
77 96
-77 95
-76 95
-72 95
-71 95
-70 95
-69 95
-68 95
-67 95
-66 95
-65 95
-64 95
-63 95
-62 95
-61 95
-60 95
-59 95
-58 95
-57 95
-56 95
-34 95
-33 95
27 95
28 95
29 95
30 95
31 95
32 95
33 95
34 95
35 95
36 95
44 95
45 95
46 95
47 95
48 95
49 95
50 95
51 95
52 95
76 95
77 95
-77 94
-76 94
-72 94
-71 94
-70 94
-69 94
-68 94
-67 94
-66 94
-65 94
-64 94
-63 94
-62 94
-61 94
-60 94
-59 94
-58 94
-57 94
-56 94
-45 94
-44 94
-43 94
27 94
28 94
29 94
30 94
31 94
32 94
33 94
34 94
35 94
36 94
43 94
44 94
45 94
46 94
47 94
48 94
49 94
50 94
51 94
52 94
76 94
77 94
-77 93
-76 93
-71 93
-70 93
-69 93
-68 93
-67 93
-66 93
-65 93
-64 93
-63 93
-62 93
-61 93
-60 93
-59 93
-58 93
-57 93
-45 93
-44 93
-43 93
-38 93
27 93
28 93
29 93
30 93
31 93
32 93
33 93
34 93
35 93
36 93
43 93
44 93
45 93
46 93
47 93
48 93
49 93
50 93
51 93
52 93
76 93
77 93
-77 92
-76 92
-71 92
-70 92
-69 92
-68 92
-67 92
-66 92
-65 92
-64 92
-63 92
-62 92
-61 92
-60 92
-59 92
-58 92
-44 92
-39 92
-38 92
-37 92
27 92
28 92
29 92
30 92
31 92
32 92
33 92
34 92
35 92
36 92
43 92
44 92
45 92
46 92
47 92
48 92
49 92
50 92
51 92
52 92
76 92
77 92
-77 91
-76 91
-70 91
-69 91
-68 91
-67 91
-66 91
-65 91
-64 91
-63 91
-62 91
-61 91
-60 91
-39 91
-38 91
-37 91
28 91
34 91
35 91
36 91
43 91
44 91
45 91
46 91
47 91
48 91
49 91
50 91
51 91
52 91
76 91
77 91
-77 90
-76 90
-69 90
-68 90
-67 90
-66 90
-65 90
-64 90
-63 90
-62 90
27 90
34 90
35 90
36 90
43 90
44 90
45 90
46 90
47 90
48 90
49 90
50 90
51 90
52 90
76 90
77 90
-77 89
-76 89
34 89
44 89
45 89
46 89
47 89
48 89
49 89
50 89
51 89
52 89
76 89
77 89
-77 88
-76 88
44 88
45 88
46 88
47 88
48 88
49 88
50 88
51 88
52 88
76 88
77 88
-77 87
-76 87
30 87
31 87
32 87
33 87
34 87
44 87
45 87
46 87
47 87
48 87
49 87
50 87
51 87
52 87
76 87
77 87
-77 86
-76 86
30 86
31 86
32 86
33 86
34 86
44 86
45 86
46 86
47 86
48 86
49 86
50 86
51 86
52 86
76 86
77 86
-77 85
-76 85
30 85
32 85
33 85
34 85
44 85
45 85
46 85
47 85
48 85
49 85
50 85
51 85
52 85
53 85
54 85
55 85
56 85
76 85
77 85
-77 84
-76 84
-68 84
-67 84
-66 84
-65 84
-64 84
-63 84
-62 84
-61 84
-60 84
-59 84
-58 84
-50 84
-49 84
-48 84
-38 84
-37 84
-36 84
-35 84
-34 84
30 84
31 84
32 84
33 84
34 84
44 84
45 84
46 84
47 84
48 84
49 84
50 84
51 84
52 84
53 84
54 84
55 84
56 84
76 84
77 84
-77 83
-76 83
-70 83
-68 83
-67 83
-66 83
-65 83
-64 83
-63 83
-62 83
-61 83
-60 83
-59 83
-58 83
-50 83
-49 83
-48 83
-38 83
-37 83
-36 83
-35 83
-34 83
-33 83
-32 83
30 83
31 83
32 83
33 83
34 83
44 83
45 83
46 83
47 83
48 83
49 83
50 83
51 83
52 83
53 83
54 83
55 83
56 83
76 83
77 83
-77 82
-76 82
-71 82
-70 82
-69 82
-68 82
-67 82
-66 82
-65 82
-64 82
-63 82
-62 82
-61 82
-60 82
-59 82
-58 82
-56 82
-52 82
-50 82
-49 82
-48 82
-47 82
-40 82
-39 82
-38 82
-37 82
-36 82
-35 82
-34 82
-33 82
-32 82
-31 82
30 82
31 82
32 82
33 82
34 82
44 82
45 82
46 82
47 82
48 82
49 82
50 82
51 82
52 82
53 82
54 82
55 82
56 82
76 82
77 82
-77 81
-76 81
-70 81
-69 81
-68 81
-67 81
-66 81
-65 81
-64 81
-63 81
-62 81
-61 81
-60 81
-59 81
-58 81
-57 81
-56 81
-51 81
-50 81
-49 81
-48 81
-47 81
-40 81
-39 81
-38 81
-37 81
-36 81
-35 81
-34 81
-33 81
-32 81
-31 81
29 81
30 81
31 81
32 81
34 81
44 81
45 81
46 81
47 81
48 81
49 81
50 81
51 81
52 81
53 81
54 81
55 81
56 81
76 81
77 81
-77 80
-76 80
-72 80
-71 80
-70 80
-69 80
-68 80
-67 80
-66 80
-65 80
-64 80
-63 80
-62 80
-61 80
-60 80
-59 80
-58 80
-57 80
-56 80
-51 80
-50 80
-49 80
-48 80
-47 80
-40 80
-39 80
-38 80
-37 80
-36 80
-35 80
-34 80
-33 80
-32 80
-31 80
-30 80
29 80
30 80
31 80
32 80
33 80
34 80
44 80
45 80
46 80
47 80
48 80
49 80
50 80
51 80
52 80
53 80
54 80
55 80
56 80
76 80
77 80
-77 79
-76 79
-72 79
-71 79
-70 79
-69 79
-68 79
-67 79
-66 79
-65 79
-64 79
-63 79
-62 79
-61 79
-60 79
-59 79
-58 79
-57 79
-56 79
-51 79
-50 79
-49 79
-48 79
-47 79
-40 79
-39 79
-38 79
-37 79
-36 79
-35 79
-34 79
-33 79
-32 79
-31 79
-30 79
30 79
31 79
32 79
44 79
45 79
46 79
47 79
48 79
49 79
50 79
51 79
52 79
53 79
54 79
55 79
56 79
76 79
77 79
-77 78
-76 78
-72 78
-71 78
-70 78
-69 78
-68 78
-67 78
-66 78
-65 78
-64 78
-63 78
-62 78
-61 78
-60 78
-59 78
-58 78
-57 78
-56 78
-51 78
-50 78
-49 78
-48 78
-47 78
-40 78
-39 78
-38 78
-37 78
-36 78
-35 78
-34 78
-33 78
-32 78
-31 78
-30 78
-29 78
44 78
45 78
46 78
47 78
48 78
49 78
50 78
51 78
52 78
53 78
54 78
55 78
56 78
76 78
77 78
-77 77
-76 77
-72 77
-71 77
-70 77
-69 77
-68 77
-67 77
-66 77
-65 77
-64 77
-63 77
-62 77
-61 77
-60 77
-59 77
-58 77
-57 77
-56 77
-51 77
-50 77
-49 77
-48 77
-47 77
-40 77
-39 77
-38 77
-37 77
-36 77
-35 77
-34 77
-33 77
-32 77
-31 77
-30 77
-29 77
28 77
29 77
30 77
44 77
45 77
46 77
47 77
48 77
49 77
50 77
51 77
52 77
53 77
54 77
55 77
56 77
76 77
77 77
-77 76
-76 76
-72 76
-71 76
-70 76
-69 76
-68 76
-67 76
-66 76
-65 76
-64 76
-63 76
-62 76
-61 76
-60 76
-59 76
-58 76
-56 76
-52 76
-51 76
-50 76
-49 76
-48 76
-47 76
-40 76
-39 76
-38 76
-37 76
-36 76
-35 76
-34 76
-33 76
-32 76
-31 76
-30 76
-29 76
28 76
29 76
30 76
31 76
44 76
45 76
46 76
47 76
48 76
49 76
50 76
51 76
52 76
53 76
54 76
55 76
56 76
76 76
77 76
-77 75
-76 75
-72 75
-71 75
-70 75
-69 75
-68 75
-67 75
-66 75
-65 75
-64 75
-63 75
-62 75
-61 75
-60 75
-59 75
-58 75
-56 75
-52 75
-51 75
-50 75
-49 75
-48 75
-47 75
-40 75
-39 75
-38 75
-37 75
-36 75
-35 75
-34 75
-33 75
-32 75
-31 75
-30 75
-29 75
28 75
44 75
45 75
46 75
47 75
48 75
49 75
50 75
51 75
52 75
53 75
54 75
55 75
56 75
76 75
77 75
-77 74
-76 74
-72 74
-71 74
-70 74
-69 74
-68 74
-67 74
-66 74
-65 74
-64 74
-63 74
-62 74
-61 74
-60 74
-59 74
-58 74
-56 74
-52 74
-51 74
-50 74
-49 74
-48 74
-47 74
-40 74
-39 74
-38 74
-37 74
-36 74
-35 74
-34 74
-33 74
-32 74
-31 74
-30 74
19 74
20 74
28 74
44 74
45 74
46 74
47 74
48 74
49 74
50 74
51 74
52 74
53 74
54 74
55 74
56 74
76 74
77 74
-77 73
-76 73
-72 73
-71 73
-70 73
-69 73
-68 73
-67 73
-66 73
-65 73
-64 73
-63 73
-62 73
-61 73
-60 73
-59 73
-58 73
-56 73
-52 73
-51 73
-50 73
-49 73
-48 73
-47 73
-40 73
-39 73
-38 73
-37 73
-36 73
-35 73
-34 73
-33 73
-32 73
-31 73
-30 73
44 73
45 73
46 73
47 73
48 73
49 73
50 73
51 73
52 73
53 73
54 73
55 73
56 73
76 73
77 73
-77 72
-76 72
-72 72
-71 72
-70 72
-69 72
-68 72
-67 72
-66 72
-65 72
-64 72
-63 72
-62 72
-61 72
-60 72
-59 72
-58 72
-56 72
-52 72
-51 72
-50 72
-49 72
-48 72
-47 72
-40 72
-39 72
-38 72
-37 72
-36 72
-35 72
-34 72
-33 72
-32 72
-31 72
-30 72
18 72
20 72
28 72
40 72
41 72
42 72
43 72
44 72
45 72
46 72
47 72
48 72
49 72
50 72
51 72
52 72
53 72
54 72
55 72
56 72
57 72
58 72
76 72
77 72
-77 71
-76 71
-72 71
-71 71
-70 71
-69 71
-68 71
-67 71
-66 71
-65 71
-64 71
-63 71
-62 71
-61 71
-60 71
-59 71
-58 71
-56 71
-52 71
-51 71
-50 71
-49 71
-48 71
-40 71
-39 71
-38 71
-37 71
-36 71
-35 71
-34 71
-33 71
-32 71
-31 71
-30 71
30 71
38 71
40 71
41 71
42 71
43 71
44 71
45 71
46 71
47 71
48 71
49 71
50 71
51 71
52 71
53 71
54 71
55 71
56 71
76 71
77 71
-77 70
-76 70
-72 70
-71 70
-70 70
-69 70
-68 70
-67 70
-66 70
-65 70
-64 70
-63 70
-62 70
-61 70
-60 70
-59 70
-58 70
-56 70
-52 70
-51 70
-50 70
-49 70
-48 70
-40 70
-39 70
-38 70
-37 70
-36 70
-35 70
-34 70
-33 70
-32 70
-31 70
-30 70
18 70
30 70
32 70
38 70
39 70
40 70
41 70
42 70
43 70
44 70
45 70
46 70
47 70
48 70
49 70
50 70
51 70
52 70
53 70
54 70
55 70
56 70
76 70
77 70
-77 69
-76 69
-72 69
-71 69
-70 69
-69 69
-68 69
-67 69
-66 69
-65 69
-64 69
-63 69
-62 69
-61 69
-60 69
-59 69
-58 69
-56 69
-51 69
-50 69
-48 69
-38 69
-37 69
-36 69
-35 69
-34 69
-33 69
-32 69
-31 69
-30 69
30 69
38 69
39 69
40 69
41 69
42 69
43 69
44 69
45 69
46 69
47 69
48 69
49 69
50 69
51 69
52 69
53 69
54 69
55 69
56 69
76 69
77 69
-77 68
-76 68
-72 68
-71 68
-70 68
-69 68
-68 68
-67 68
-66 68
-65 68
-64 68
-63 68
-62 68
-61 68
-60 68
-59 68
-58 68
-57 68
-56 68
-50 68
-38 68
-37 68
-36 68
-35 68
-34 68
-33 68
-32 68
-31 68
-30 68
-29 68
30 68
31 68
32 68
33 68
34 68
35 68
36 68
37 68
38 68
39 68
40 68
41 68
42 68
43 68
44 68
45 68
46 68
47 68
48 68
49 68
50 68
51 68
52 68
53 68
54 68
55 68
56 68
76 68
77 68
-77 67
-76 67
-72 67
-71 67
-70 67
-69 67
-68 67
-67 67
-66 67
-65 67
-64 67
-63 67
-62 67
-61 67
-60 67
-59 67
-58 67
-57 67
-38 67
-37 67
-36 67
-35 67
-34 67
-33 67
-32 67
-31 67
-30 67
-29 67
30 67
31 67
32 67
33 67
34 67
35 67
36 67
37 67
38 67
39 67
40 67
41 67
42 67
43 67
44 67
45 67
46 67
47 67
48 67
49 67
50 67
51 67
52 67
53 67
54 67
55 67
56 67
76 67
77 67
-77 66
-76 66
-72 66
-71 66
-70 66
-69 66
-68 66
-67 66
-66 66
-65 66
-64 66
-63 66
-62 66
-61 66
-60 66
-59 66
-58 66
-57 66
-35 66
-34 66
-33 66
-32 66
-31 66
-30 66
-29 66
28 66
29 66
30 66
31 66
32 66
33 66
34 66
35 66
36 66
37 66
38 66
39 66
40 66
41 66
42 66
43 66
44 66
45 66
46 66
47 66
48 66
49 66
50 66
51 66
52 66
53 66
54 66
55 66
56 66
76 66
77 66
-77 65
-76 65
-72 65
-71 65
-70 65
-69 65
-68 65
-67 65
-66 65
-65 65
-64 65
-63 65
-62 65
-61 65
-60 65
-59 65
-58 65
-57 65
-38 65
-37 65
-36 65
-35 65
-34 65
-33 65
-32 65
-31 65
-30 65
-29 65
28 65
29 65
30 65
31 65
32 65
33 65
34 65
35 65
36 65
37 65
38 65
39 65
40 65
41 65
42 65
43 65
44 65
45 65
46 65
47 65
48 65
49 65
50 65
51 65
52 65
53 65
54 65
55 65
56 65
76 65
77 65
-77 64
-76 64
-72 64
-71 64
-70 64
-69 64
-68 64
-67 64
-66 64
-65 64
-64 64
-63 64
-62 64
-61 64
-60 64
-59 64
-58 64
-57 64
-37 64
-36 64
-35 64
-34 64
-33 64
-32 64
-31 64
-30 64
-29 64
-28 64
-27 64
28 64
29 64
30 64
31 64
32 64
33 64
34 64
35 64
36 64
37 64
38 64
39 64
40 64
41 64
42 64
43 64
44 64
45 64
46 64
47 64
48 64
49 64
50 64
51 64
52 64
53 64
54 64
55 64
56 64
76 64
77 64
-77 63
-76 63
-72 63
-71 63
-70 63
-69 63
-68 63
-67 63
-66 63
-65 63
-64 63
-63 63
-62 63
-61 63
-60 63
-59 63
-58 63
-57 63
-30 63
-29 63
-28 63
28 63
30 63
31 63
32 63
33 63
34 63
35 63
36 63
37 63
38 63
39 63
40 63
41 63
42 63
43 63
44 63
45 63
46 63
47 63
48 63
49 63
50 63
51 63
52 63
53 63
54 63
55 63
56 63
76 63
77 63
-77 62
-76 62
-72 62
-71 62
-70 62
-69 62
-68 62
-67 62
-66 62
-65 62
-64 62
-63 62
-62 62
-61 62
-60 62
-59 62
-47 62
-46 62
-45 62
-44 62
-43 62
-42 62
-41 62
-40 62
-39 62
-38 62
-30 62
-28 62
28 62
29 62
30 62
31 62
32 62
33 62
34 62
35 62
36 62
37 62
38 62
39 62
40 62
41 62
42 62
43 62
44 62
45 62
46 62
47 62
48 62
49 62
50 62
51 62
52 62
53 62
54 62
55 62
56 62
76 62
77 62
-77 61
-76 61
-72 61
-71 61
-70 61
-69 61
-68 61
-67 61
-66 61
-65 61
-64 61
-63 61
-62 61
-61 61
-60 61
-59 61
-54 61
-46 61
-45 61
-44 61
-43 61
-42 61
-41 61
-40 61
-39 61
-38 61
-28 61
28 61
29 61
30 61
31 61
32 61
33 61
34 61
35 61
36 61
37 61
38 61
39 61
40 61
41 61
42 61
43 61
44 61
45 61
46 61
47 61
48 61
49 61
50 61
51 61
52 61
53 61
54 61
55 61
56 61
76 61
77 61
-77 60
-76 60
-72 60
-71 60
-70 60
-69 60
-68 60
-67 60
-66 60
-65 60
-64 60
-63 60
-62 60
-61 60
-60 60
-59 60
-54 60
-48 60
-47 60
-46 60
-45 60
-44 60
-43 60
-42 60
-41 60
-40 60
-39 60
-38 60
-28 60
28 60
29 60
30 60
31 60
32 60
33 60
34 60
35 60
36 60
37 60
38 60
39 60
40 60
41 60
42 60
43 60
44 60
45 60
46 60
47 60
48 60
49 60
50 60
51 60
52 60
53 60
54 60
55 60
56 60
57 60
58 60
76 60
77 60
-77 59
-76 59
-72 59
-71 59
-70 59
-69 59
-68 59
-67 59
-66 59
-65 59
-64 59
-63 59
-62 59
-61 59
-60 59
-59 59
-58 59
-54 59
-48 59
-47 59
-46 59
-45 59
-44 59
-43 59
-42 59
-41 59
-40 59
-39 59
-38 59
18 59
19 59
20 59
21 59
22 59
28 59
29 59
30 59
31 59
32 59
33 59
34 59
35 59
36 59
37 59
38 59
39 59
40 59
41 59
42 59
43 59
44 59
45 59
46 59
47 59
48 59
49 59
50 59
51 59
52 59
53 59
54 59
55 59
56 59
57 59
58 59
76 59
77 59
-77 58
-76 58
-72 58
-71 58
-70 58
-69 58
-68 58
-67 58
-66 58
-65 58
-64 58
-63 58
-62 58
-61 58
-60 58
-59 58
-58 58
-54 58
-48 58
-47 58
-46 58
-45 58
-44 58
-43 58
-42 58
-41 58
-40 58
-38 58
18 58
19 58
20 58
21 58
22 58
28 58
29 58
30 58
31 58
32 58
33 58
34 58
35 58
36 58
37 58
38 58
39 58
40 58
41 58
42 58
43 58
44 58
45 58
46 58
47 58
48 58
49 58
50 58
51 58
52 58
53 58
54 58
55 58
56 58
57 58
58 58
76 58
77 58
-77 57
-76 57
-72 57
-71 57
-70 57
-69 57
-68 57
-67 57
-66 57
-65 57
-64 57
-63 57
-62 57
-61 57
-60 57
-59 57
-58 57
-57 57
-54 57
-47 57
-46 57
-45 57
-44 57
-43 57
-42 57
-41 57
-40 57
18 57
19 57
20 57
21 57
22 57
28 57
29 57
30 57
31 57
32 57
33 57
34 57
35 57
36 57
37 57
38 57
39 57
40 57
41 57
42 57
43 57
44 57
45 57
46 57
47 57
48 57
49 57
50 57
51 57
52 57
53 57
54 57
55 57
56 57
57 57
58 57
76 57
77 57
-77 56
-76 56
-72 56
-71 56
-70 56
-69 56
-68 56
-67 56
-66 56
-65 56
-64 56
-63 56
-62 56
-61 56
-60 56
-59 56
-58 56
-57 56
-56 56
-54 56
-46 56
-45 56
-44 56
-43 56
-42 56
-41 56
-40 56
18 56
19 56
20 56
21 56
22 56
28 56
29 56
30 56
31 56
32 56
33 56
34 56
35 56
36 56
37 56
38 56
39 56
40 56
41 56
42 56
43 56
44 56
45 56
46 56
47 56
48 56
49 56
50 56
51 56
52 56
53 56
54 56
55 56
56 56
57 56
58 56
76 56
77 56
-77 55
-76 55
-70 55
-69 55
-68 55
-67 55
-66 55
-65 55
-64 55
-63 55
-62 55
-55 55
-54 55
18 55
19 55
20 55
21 55
22 55
28 55
29 55
30 55
31 55
32 55
33 55
34 55
35 55
36 55
37 55
38 55
39 55
40 55
41 55
42 55
43 55
44 55
45 55
46 55
47 55
48 55
49 55
50 55
51 55
52 55
53 55
54 55
55 55
56 55
57 55
58 55
76 55
77 55
-77 54
-76 54
18 54
19 54
20 54
21 54
22 54
28 54
29 54
30 54
31 54
32 54
33 54
34 54
35 54
36 54
37 54
38 54
39 54
40 54
41 54
42 54
43 54
44 54
45 54
46 54
47 54
48 54
49 54
50 54
51 54
52 54
53 54
54 54
55 54
56 54
57 54
58 54
76 54
77 54
-77 53
-76 53
28 53
29 53
30 53
31 53
32 53
33 53
34 53
35 53
36 53
37 53
38 53
39 53
40 53
41 53
42 53
43 53
44 53
45 53
46 53
47 53
48 53
49 53
50 53
51 53
52 53
53 53
54 53
55 53
56 53
57 53
58 53
76 53
77 53
-77 52
-76 52
28 52
29 52
30 52
31 52
32 52
33 52
34 52
35 52
36 52
37 52
38 52
39 52
40 52
41 52
42 52
43 52
44 52
45 52
46 52
47 52
48 52
49 52
50 52
51 52
52 52
53 52
54 52
55 52
56 52
57 52
58 52
76 52
77 52
-77 51
-76 51
28 51
29 51
30 51
31 51
32 51
33 51
34 51
35 51
36 51
37 51
38 51
39 51
40 51
41 51
42 51
43 51
44 51
45 51
46 51
47 51
48 51
49 51
50 51
51 51
52 51
53 51
54 51
55 51
56 51
57 51
58 51
76 51
77 51
-77 50
-76 50
28 50
29 50
30 50
31 50
32 50
33 50
34 50
35 50
36 50
37 50
38 50
39 50
40 50
41 50
42 50
43 50
44 50
45 50
46 50
47 50
48 50
49 50
50 50
51 50
52 50
53 50
54 50
55 50
56 50
57 50
58 50
76 50
77 50
-77 49
-76 49
28 49
29 49
30 49
31 49
32 49
33 49
34 49
35 49
36 49
37 49
38 49
39 49
40 49
41 49
42 49
43 49
44 49
45 49
46 49
47 49
48 49
49 49
50 49
51 49
52 49
53 49
54 49
55 49
56 49
57 49
58 49
76 49
77 49
-77 48
-76 48
-70 48
-69 48
-68 48
-67 48
-66 48
-65 48
-64 48
-63 48
-62 48
-61 48
-60 48
-59 48
-58 48
28 48
29 48
30 48
31 48
32 48
33 48
34 48
35 48
36 48
37 48
38 48
39 48
40 48
41 48
42 48
43 48
44 48
45 48
46 48
47 48
48 48
49 48
50 48
51 48
52 48
53 48
54 48
55 48
56 48
57 48
58 48
60 48
76 48
77 48
-77 47
-76 47
-70 47
-68 47
-67 47
-66 47
-65 47
-64 47
-63 47
-62 47
-61 47
-60 47
-59 47
-58 47
-57 47
20 47
21 47
28 47
29 47
30 47
31 47
32 47
33 47
34 47
35 47
36 47
37 47
38 47
39 47
40 47
41 47
42 47
43 47
44 47
45 47
46 47
47 47
48 47
49 47
50 47
51 47
52 47
53 47
54 47
55 47
56 47
57 47
58 47
76 47
77 47
-77 46
-76 46
-72 46
-71 46
-70 46
-69 46
-68 46
-67 46
-66 46
-65 46
-64 46
-63 46
-62 46
-61 46
-60 46
-59 46
-58 46
-57 46
-56 46
20 46
21 46
28 46
29 46
30 46
31 46
32 46
33 46
34 46
35 46
36 46
37 46
38 46
39 46
40 46
41 46
42 46
43 46
44 46
45 46
46 46
47 46
48 46
49 46
50 46
51 46
52 46
53 46
54 46
55 46
56 46
57 46
58 46
76 46
77 46
-77 45
-76 45
-72 45
-70 45
-69 45
-59 45
-58 45
-57 45
-56 45
20 45
21 45
28 45
29 45
30 45
31 45
32 45
33 45
34 45
35 45
36 45
37 45
38 45
39 45
40 45
41 45
42 45
43 45
44 45
45 45
46 45
47 45
48 45
49 45
50 45
51 45
52 45
53 45
54 45
55 45
56 45
57 45
58 45
76 45
77 45
-77 44
-76 44
-72 44
-71 44
-70 44
-59 44
-58 44
-57 44
-56 44
20 44
21 44
28 44
29 44
30 44
31 44
32 44
33 44
34 44
35 44
36 44
37 44
38 44
39 44
40 44
41 44
42 44
43 44
44 44
45 44
46 44
47 44
48 44
49 44
50 44
51 44
52 44
53 44
54 44
55 44
56 44
57 44
58 44
76 44
77 44
-77 43
-76 43
-72 43
-71 43
-70 43
-69 43
-68 43
-59 43
-58 43
-57 43
-56 43
15 43
16 43
17 43
18 43
19 43
20 43
21 43
27 43
28 43
29 43
30 43
31 43
32 43
33 43
34 43
35 43
36 43
37 43
38 43
39 43
40 43
41 43
42 43
43 43
44 43
45 43
46 43
47 43
48 43
49 43
50 43
51 43
52 43
53 43
54 43
55 43
56 43
57 43
58 43
76 43
77 43
-77 42
-76 42
-72 42
-71 42
-59 42
-58 42
-57 42
-56 42
15 42
16 42
17 42
18 42
19 42
20 42
21 42
27 42
28 42
29 42
30 42
31 42
32 42
33 42
34 42
35 42
36 42
37 42
38 42
39 42
40 42
41 42
42 42
43 42
44 42
45 42
46 42
47 42
48 42
49 42
50 42
51 42
52 42
53 42
54 42
55 42
56 42
57 42
58 42
59 42
60 42
76 42
77 42
-77 41
-76 41
-72 41
-71 41
-59 41
-58 41
15 41
16 41
17 41
18 41
19 41
20 41
21 41
27 41
28 41
29 41
30 41
31 41
32 41
33 41
34 41
35 41
36 41
37 41
38 41
39 41
40 41
41 41
42 41
43 41
44 41
45 41
46 41
47 41
48 41
49 41
50 41
51 41
52 41
53 41
54 41
55 41
56 41
57 41
58 41
59 41
60 41
76 41
77 41
-77 40
-76 40
-72 40
-71 40
-70 40
-69 40
-68 40
-67 40
-59 40
-58 40
14 40
15 40
16 40
17 40
18 40
19 40
20 40
21 40
27 40
28 40
29 40
30 40
31 40
32 40
33 40
34 40
35 40
36 40
37 40
38 40
39 40
40 40
41 40
42 40
43 40
44 40
45 40
46 40
47 40
48 40
49 40
50 40
51 40
52 40
53 40
54 40
55 40
56 40
57 40
58 40
59 40
60 40
76 40
77 40
-77 39
-76 39
-72 39
-71 39
-70 39
-69 39
-68 39
-58 39
15 39
16 39
17 39
18 39
19 39
20 39
21 39
27 39
28 39
29 39
30 39
31 39
32 39
33 39
34 39
35 39
36 39
37 39
38 39
39 39
40 39
41 39
42 39
43 39
44 39
45 39
46 39
47 39
48 39
49 39
50 39
51 39
52 39
53 39
54 39
55 39
56 39
57 39
58 39
59 39
60 39
76 39
77 39
-77 38
-76 38
-72 38
-71 38
-70 38
-58 38
15 38
16 38
17 38
18 38
19 38
20 38
21 38
27 38
28 38
29 38
30 38
31 38
32 38
33 38
34 38
35 38
36 38
37 38
38 38
39 38
40 38
41 38
42 38
43 38
44 38
45 38
46 38
47 38
48 38
49 38
50 38
51 38
52 38
53 38
54 38
55 38
56 38
57 38
58 38
59 38
60 38
76 38
77 38
-77 37
-76 37
-72 37
-71 37
-70 37
-59 37
16 37
17 37
18 37
19 37
20 37
21 37
27 37
28 37
29 37
30 37
31 37
32 37
33 37
34 37
35 37
36 37
37 37
38 37
39 37
40 37
41 37
42 37
43 37
44 37
45 37
46 37
47 37
48 37
49 37
50 37
51 37
52 37
53 37
54 37
55 37
56 37
57 37
58 37
59 37
60 37
76 37
77 37
-77 36
-76 36
-72 36
-71 36
-70 36
-69 36
-68 36
-59 36
16 36
17 36
18 36
19 36
20 36
21 36
27 36
28 36
29 36
30 36
31 36
32 36
33 36
34 36
35 36
36 36
37 36
38 36
39 36
40 36
41 36
42 36
43 36
44 36
45 36
46 36
47 36
48 36
49 36
50 36
51 36
52 36
53 36
54 36
55 36
56 36
57 36
58 36
59 36
60 36
76 36
77 36
-77 35
-76 35
-72 35
-71 35
-70 35
-69 35
-59 35
16 35
17 35
18 35
19 35
20 35
21 35
27 35
28 35
29 35
30 35
31 35
32 35
33 35
34 35
35 35
36 35
37 35
38 35
39 35
40 35
41 35
42 35
43 35
44 35
45 35
46 35
47 35
48 35
49 35
50 35
51 35
52 35
53 35
54 35
55 35
56 35
57 35
58 35
59 35
60 35
76 35
77 35
-77 34
-76 34
-72 34
-71 34
-70 34
-69 34
20 34
21 34
27 34
28 34
29 34
30 34
31 34
32 34
33 34
34 34
35 34
36 34
37 34
38 34
39 34
40 34
41 34
42 34
43 34
44 34
45 34
46 34
47 34
48 34
49 34
50 34
51 34
52 34
53 34
54 34
55 34
56 34
57 34
58 34
59 34
60 34
76 34
77 34
-77 33
-76 33
-72 33
-71 33
-70 33
-69 33
-68 33
-66 33
27 33
28 33
29 33
30 33
31 33
39 33
40 33
41 33
42 33
43 33
44 33
45 33
46 33
47 33
48 33
49 33
50 33
51 33
52 33
53 33
54 33
55 33
56 33
57 33
58 33
59 33
60 33
76 33
77 33
-77 32
-76 32
-72 32
-71 32
-70 32
-69 32
-68 32
-66 32
22 32
27 32
28 32
29 32
30 32
40 32
41 32
42 32
43 32
44 32
45 32
46 32
47 32
48 32
49 32
50 32
51 32
52 32
53 32
54 32
55 32
56 32
57 32
58 32
59 32
60 32
76 32
77 32
-77 31
-76 31
-72 31
-71 31
-70 31
-69 31
-68 31
-67 31
-66 31
15 31
16 31
21 31
22 31
27 31
28 31
29 31
30 31
41 31
42 31
43 31
44 31
45 31
46 31
47 31
48 31
49 31
50 31
51 31
52 31
53 31
54 31
55 31
56 31
57 31
58 31
59 31
60 31
76 31
77 31
-77 30
-76 30
-72 30
-71 30
-70 30
-69 30
-68 30
-67 30
-66 30
-65 30
12 30
13 30
14 30
15 30
16 30
21 30
22 30
27 30
28 30
29 30
30 30
41 30
42 30
43 30
44 30
45 30
46 30
47 30
48 30
49 30
50 30
51 30
52 30
53 30
54 30
55 30
56 30
57 30
58 30
59 30
60 30
76 30
77 30
-77 29
-76 29
-72 29
-71 29
-70 29
-69 29
-68 29
-67 29
-66 29
12 29
13 29
14 29
15 29
21 29
22 29
27 29
28 29
29 29
30 29
40 29
41 29
42 29
43 29
44 29
45 29
46 29
47 29
48 29
49 29
50 29
51 29
52 29
53 29
54 29
55 29
56 29
57 29
58 29
59 29
60 29
76 29
77 29
-77 28
-76 28
-72 28
-71 28
-70 28
-69 28
-68 28
-67 28
-66 28
12 28
13 28
14 28
15 28
21 28
22 28
27 28
28 28
29 28
30 28
40 28
41 28
42 28
43 28
44 28
45 28
46 28
47 28
48 28
49 28
50 28
51 28
52 28
53 28
54 28
55 28
56 28
57 28
58 28
59 28
60 28
76 28
77 28
-77 27
-76 27
-72 27
-71 27
-70 27
-69 27
-68 27
-67 27
-66 27
12 27
13 27
14 27
15 27
19 27
20 27
21 27
22 27
27 27
28 27
29 27
30 27
39 27
40 27
41 27
42 27
43 27
44 27
45 27
46 27
47 27
48 27
49 27
50 27
51 27
52 27
53 27
54 27
55 27
56 27
57 27
58 27
59 27
60 27
76 27
77 27
-77 26
-76 26
-72 26
-71 26
-70 26
-69 26
-68 26
-66 26
-60 26
17 26
18 26
19 26
20 26
21 26
22 26
27 26
28 26
29 26
30 26
39 26
40 26
41 26
42 26
43 26
44 26
45 26
46 26
47 26
48 26
49 26
50 26
51 26
52 26
53 26
54 26
55 26
56 26
57 26
58 26
59 26
60 26
76 26
77 26
-77 25
-76 25
-72 25
-71 25
-70 25
-69 25
-68 25
-66 25
-60 25
17 25
18 25
19 25
20 25
21 25
22 25
27 25
28 25
29 25
30 25
39 25
40 25
41 25
42 25
43 25
44 25
45 25
46 25
47 25
48 25
49 25
50 25
51 25
52 25
53 25
54 25
55 25
56 25
57 25
58 25
76 25
77 25
-77 24
-76 24
-72 24
-71 24
-70 24
-69 24
-68 24
-67 24
-66 24
-60 24
17 24
18 24
19 24
20 24
21 24
22 24
27 24
28 24
29 24
30 24
38 24
39 24
40 24
41 24
42 24
43 24
44 24
45 24
46 24
47 24
48 24
49 24
50 24
51 24
52 24
53 24
54 24
55 24
56 24
57 24
58 24
76 24
77 24
-77 23
-76 23
-72 23
-71 23
-70 23
-69 23
-68 23
-67 23
-66 23
-60 23
14 23
15 23
17 23
18 23
19 23
20 23
21 23
22 23
27 23
28 23
29 23
30 23
37 23
38 23
39 23
40 23
54 23
55 23
56 23
57 23
58 23
76 23
77 23
-77 22
-76 22
-72 22
-71 22
-70 22
-69 22
-68 22
-67 22
-66 22
-64 22
-60 22
-28 22
14 22
17 22
18 22
19 22
20 22
21 22
22 22
27 22
28 22
29 22
30 22
37 22
38 22
39 22
54 22
55 22
56 22
57 22
58 22
76 22
77 22
-77 21
-76 21
-72 21
-71 21
-70 21
-69 21
-68 21
-67 21
-66 21
27 21
28 21
29 21
30 21
31 21
37 21
38 21
54 21
55 21
56 21
58 21
76 21
77 21
-77 20
-76 20
-72 20
-71 20
-70 20
-69 20
-68 20
-67 20
-32 20
-30 20
-29 20
-28 20
-27 20
26 20
27 20
28 20
29 20
30 20
31 20
76 20
77 20
-77 19
-76 19
-72 19
-71 19
-70 19
-69 19
-68 19
-67 19
-30 19
-29 19
-28 19
-27 19
26 19
27 19
28 19
29 19
30 19
31 19
35 19
76 19
77 19
-77 18
-76 18
-72 18
-71 18
-70 18
-69 18
-68 18
-32 18
-30 18
-29 18
-28 18
-27 18
35 18
36 18
37 18
38 18
39 18
76 18
77 18
-77 17
-76 17
-72 17
-71 17
-70 17
-69 17
-32 17
-31 17
-30 17
-29 17
-28 17
-27 17
35 17
36 17
37 17
38 17
39 17
40 17
41 17
42 17
43 17
44 17
45 17
46 17
47 17
48 17
49 17
50 17
51 17
52 17
53 17
54 17
55 17
56 17
57 17
76 17
77 17
-77 16
-76 16
-72 16
-71 16
-70 16
-69 16
-68 16
-32 16
-31 16
-30 16
-29 16
-28 16
-27 16
12 16
19 16
35 16
36 16
37 16
38 16
39 16
40 16
41 16
42 16
43 16
44 16
45 16
46 16
47 16
48 16
49 16
50 16
51 16
52 16
53 16
54 16
55 16
56 16
57 16
58 16
76 16
77 16
-77 15
-76 15
-72 15
-71 15
-70 15
-69 15
-68 15
-67 15
-66 15
-32 15
-31 15
-30 15
-29 15
-28 15
-27 15
35 15
36 15
37 15
38 15
39 15
40 15
41 15
42 15
43 15
44 15
45 15
46 15
47 15
48 15
49 15
50 15
51 15
52 15
53 15
54 15
55 15
56 15
76 15
77 15
-77 14
-76 14
-72 14
-71 14
-70 14
-69 14
-68 14
-67 14
-66 14
-65 14
-32 14
-31 14
-30 14
-29 14
-28 14
-27 14
34 14
35 14
36 14
37 14
38 14
39 14
40 14
41 14
42 14
43 14
44 14
45 14
46 14
47 14
48 14
49 14
50 14
51 14
52 14
53 14
54 14
55 14
56 14
76 14
77 14
-77 13
-76 13
-72 13
-71 13
-70 13
-69 13
-68 13
-67 13
-66 13
-65 13
-32 13
-31 13
-30 13
-29 13
-28 13
-27 13
34 13
35 13
36 13
37 13
38 13
39 13
40 13
41 13
42 13
43 13
44 13
45 13
46 13
47 13
48 13
49 13
50 13
51 13
52 13
53 13
54 13
55 13
56 13
76 13
77 13
-77 12
-76 12
-72 12
-71 12
-70 12
-69 12
-68 12
-67 12
-66 12
-65 12
-32 12
-31 12
-30 12
-29 12
-28 12
-27 12
34 12
35 12
36 12
37 12
38 12
39 12
40 12
41 12
42 12
43 12
44 12
45 12
46 12
47 12
48 12
49 12
50 12
51 12
52 12
53 12
54 12
55 12
56 12
76 12
77 12
-77 11
-76 11
-72 11
-71 11
-70 11
-69 11
-68 11
-67 11
-66 11
-65 11
-64 11
-60 11
-32 11
-31 11
-30 11
-29 11
-28 11
-27 11
9 11
34 11
35 11
36 11
37 11
38 11
39 11
40 11
41 11
42 11
43 11
44 11
45 11
46 11
47 11
48 11
49 11
50 11
51 11
52 11
53 11
54 11
76 11
77 11
-77 10
-76 10
-72 10
-71 10
-70 10
-69 10
-68 10
-67 10
-66 10
-64 10
-60 10
-32 10
-31 10
-30 10
-29 10
-28 10
-27 10
9 10
10 10
34 10
35 10
36 10
37 10
38 10
39 10
40 10
41 10
42 10
43 10
44 10
45 10
46 10
47 10
48 10
49 10
50 10
51 10
52 10
53 10
54 10
76 10
77 10
-77 9
-76 9
-72 9
-71 9
-70 9
-69 9
-68 9
-67 9
-66 9
-60 9
-32 9
-31 9
-30 9
-29 9
-28 9
-27 9
34 9
35 9
36 9
37 9
38 9
39 9
40 9
41 9
42 9
43 9
44 9
45 9
46 9
47 9
48 9
49 9
50 9
51 9
52 9
53 9
54 9
76 9
77 9
-77 8
-76 8
-72 8
-71 8
-70 8
-69 8
-68 8
-67 8
-66 8
-64 8
-60 8
-32 8
-31 8
-30 8
-29 8
-28 8
-27 8
34 8
35 8
36 8
37 8
38 8
39 8
40 8
41 8
42 8
43 8
44 8
45 8
46 8
47 8
48 8
49 8
50 8
51 8
52 8
53 8
54 8
76 8
77 8
-77 7
-76 7
-72 7
-71 7
-70 7
-69 7
-68 7
-67 7
-66 7
-65 7
-64 7
-60 7
-32 7
-31 7
-30 7
-29 7
-28 7
-27 7
9 7
33 7
34 7
35 7
36 7
37 7
38 7
39 7
40 7
41 7
42 7
43 7
44 7
45 7
46 7
47 7
48 7
49 7
50 7
51 7
52 7
53 7
54 7
76 7
77 7
-77 6
-76 6
-72 6
-71 6
-70 6
-69 6
-68 6
-67 6
-66 6
-65 6
-64 6
-63 6
-62 6
-60 6
-32 6
-31 6
-30 6
-29 6
-28 6
-27 6
18 6
19 6
20 6
21 6
22 6
24 6
25 6
27 6
30 6
31 6
32 6
33 6
34 6
35 6
36 6
37 6
38 6
39 6
40 6
41 6
42 6
43 6
44 6
45 6
46 6
47 6
48 6
49 6
50 6
51 6
52 6
53 6
54 6
76 6
77 6
-77 5
-76 5
-72 5
-71 5
-70 5
-69 5
-68 5
-67 5
-66 5
-65 5
-64 5
-63 5
-62 5
-60 5
-32 5
-31 5
-30 5
-29 5
-28 5
-27 5
17 5
18 5
19 5
20 5
21 5
22 5
30 5
31 5
32 5
33 5
34 5
35 5
36 5
37 5
38 5
39 5
40 5
41 5
42 5
43 5
44 5
45 5
46 5
47 5
48 5
49 5
50 5
51 5
52 5
76 5
77 5
-77 4
-76 4
-72 4
-71 4
-70 4
-69 4
-68 4
-67 4
-66 4
-65 4
-64 4
-63 4
-62 4
-61 4
-60 4
-32 4
-30 4
-29 4
-28 4
-27 4
17 4
18 4
19 4
20 4
21 4
22 4
30 4
31 4
32 4
33 4
34 4
35 4
36 4
37 4
38 4
39 4
40 4
41 4
42 4
43 4
44 4
45 4
46 4
47 4
48 4
49 4
50 4
51 4
52 4
53 4
76 4
77 4
-77 3
-76 3
-72 3
-71 3
-70 3
-69 3
-68 3
-67 3
-66 3
-65 3
-64 3
-63 3
-62 3
-60 3
-29 3
-28 3
-27 3
11 3
12 3
13 3
14 3
15 3
16 3
17 3
18 3
19 3
20 3
21 3
22 3
23 3
28 3
29 3
31 3
32 3
33 3
34 3
35 3
36 3
37 3
38 3
39 3
40 3
41 3
42 3
43 3
44 3
45 3
46 3
47 3
48 3
49 3
50 3
51 3
52 3
76 3
77 3
-77 2
-76 2
-72 2
-71 2
-70 2
-69 2
-68 2
-67 2
-66 2
-65 2
-64 2
-60 2
-30 2
-29 2
-28 2
-27 2
11 2
12 2
13 2
14 2
15 2
16 2
17 2
18 2
19 2
20 2
21 2
22 2
23 2
28 2
31 2
32 2
33 2
34 2
35 2
36 2
37 2
38 2
39 2
40 2
41 2
42 2
43 2
44 2
45 2
46 2
47 2
48 2
49 2
50 2
76 2
77 2
-77 1
-76 1
-72 1
-71 1
-70 1
-69 1
-68 1
-67 1
-60 1
11 1
12 1
13 1
14 1
15 1
16 1
17 1
18 1
19 1
20 1
21 1
22 1
23 1
31 1
32 1
33 1
34 1
35 1
36 1
37 1
38 1
39 1
40 1
41 1
42 1
43 1
44 1
45 1
46 1
47 1
48 1
49 1
50 1
76 1
77 1
-77 0
-76 0
-72 0
-71 0
-70 0
-69 0
-68 0
11 0
12 0
13 0
14 0
15 0
16 0
17 0
18 0
19 0
20 0
21 0
22 0
23 0
24 0
29 0
32 0
33 0
34 0
35 0
36 0
37 0
38 0
39 0
40 0
41 0
42 0
43 0
44 0
45 0
46 0
47 0
48 0
49 0
50 0
76 0
77 0
-77 -1
-76 -1
-72 -1
11 -1
12 -1
13 -1
14 -1
15 -1
16 -1
17 -1
18 -1
19 -1
20 -1
21 -1
22 -1
23 -1
24 -1
28 -1
29 -1
30 -1
32 -1
33 -1
34 -1
35 -1
36 -1
37 -1
38 -1
39 -1
40 -1
41 -1
42 -1
43 -1
44 -1
45 -1
46 -1
47 -1
48 -1
76 -1
77 -1
-77 -2
-76 -2
-72 -2
11 -2
12 -2
13 -2
14 -2
15 -2
16 -2
17 -2
18 -2
19 -2
20 -2
21 -2
22 -2
23 -2
24 -2
25 -2
29 -2
33 -2
34 -2
35 -2
36 -2
37 -2
38 -2
39 -2
40 -2
41 -2
42 -2
43 -2
44 -2
45 -2
46 -2
47 -2
48 -2
76 -2
77 -2
-77 -3
-76 -3
-72 -3
-71 -3
11 -3
12 -3
13 -3
14 -3
15 -3
16 -3
17 -3
18 -3
19 -3
20 -3
21 -3
22 -3
23 -3
24 -3
25 -3
26 -3
33 -3
34 -3
35 -3
36 -3
37 -3
38 -3
39 -3
40 -3
41 -3
42 -3
43 -3
44 -3
45 -3
46 -3
47 -3
48 -3
76 -3
77 -3
-77 -4
-76 -4
-72 -4
-71 -4
-70 -4
-69 -4
12 -4
13 -4
15 -4
16 -4
17 -4
18 -4
19 -4
20 -4
21 -4
22 -4
23 -4
24 -4
25 -4
26 -4
27 -4
33 -4
34 -4
35 -4
36 -4
37 -4
38 -4
39 -4
40 -4
41 -4
42 -4
43 -4
44 -4
45 -4
46 -4
48 -4
76 -4
77 -4
-77 -5
-76 -5
-72 -5
-71 -5
-70 -5
16 -5
17 -5
18 -5
19 -5
20 -5
21 -5
22 -5
23 -5
24 -5
25 -5
26 -5
27 -5
33 -5
34 -5
35 -5
36 -5
37 -5
38 -5
39 -5
40 -5
41 -5
42 -5
43 -5
44 -5
45 -5
46 -5
76 -5
77 -5
-77 -6
-76 -6
-72 -6
-71 -6
-70 -6
-69 -6
-60 -6
16 -6
17 -6
18 -6
19 -6
20 -6
21 -6
22 -6
23 -6
24 -6
25 -6
26 -6
27 -6
28 -6
34 -6
35 -6
36 -6
37 -6
38 -6
39 -6
40 -6
41 -6
42 -6
43 -6
44 -6
45 -6
46 -6
76 -6
77 -6
-77 -7
-76 -7
-72 -7
-71 -7
-70 -7
-69 -7
-68 -7
-67 -7
-66 -7
-65 -7
-64 -7
-63 -7
-62 -7
-61 -7
-60 -7
16 -7
17 -7
18 -7
19 -7
20 -7
21 -7
22 -7
23 -7
24 -7
25 -7
26 -7
27 -7
28 -7
34 -7
35 -7
36 -7
37 -7
38 -7
39 -7
40 -7
41 -7
42 -7
43 -7
44 -7
76 -7
77 -7
-77 -8
-76 -8
-72 -8
-71 -8
-70 -8
-69 -8
-68 -8
-67 -8
-66 -8
-65 -8
-64 -8
-63 -8
-62 -8
-61 -8
-60 -8
14 -8
15 -8
16 -8
17 -8
18 -8
19 -8
20 -8
21 -8
22 -8
23 -8
24 -8
25 -8
26 -8
27 -8
28 -8
34 -8
35 -8
36 -8
37 -8
38 -8
39 -8
40 -8
41 -8
42 -8
43 -8
44 -8
76 -8
77 -8
-77 -9
-76 -9
-72 -9
-71 -9
-70 -9
-69 -9
-68 -9
-67 -9
-66 -9
-65 -9
-64 -9
-63 -9
-62 -9
-61 -9
-60 -9
13 -9
14 -9
15 -9
16 -9
17 -9
18 -9
19 -9
20 -9
21 -9
22 -9
23 -9
24 -9
25 -9
26 -9
27 -9
28 -9
35 -9
36 -9
37 -9
38 -9
39 -9
40 -9
41 -9
42 -9
76 -9
77 -9
-77 -10
-76 -10
-72 -10
-71 -10
-70 -10
-69 -10
-68 -10
-67 -10
-66 -10
-65 -10
-64 -10
-63 -10
-62 -10
-61 -10
-60 -10
12 -10
13 -10
14 -10
15 -10
16 -10
17 -10
18 -10
19 -10
20 -10
21 -10
22 -10
23 -10
24 -10
25 -10
26 -10
27 -10
36 -10
37 -10
38 -10
39 -10
40 -10
41 -10
42 -10
76 -10
77 -10
-77 -11
-76 -11
-72 -11
-71 -11
-70 -11
-69 -11
-68 -11
-67 -11
-66 -11
-61 -11
-60 -11
12 -11
13 -11
14 -11
15 -11
16 -11
17 -11
18 -11
19 -11
20 -11
21 -11
22 -11
23 -11
24 -11
25 -11
26 -11
27 -11
37 -11
38 -11
39 -11
40 -11
41 -11
42 -11
55 -11
76 -11
77 -11
-77 -12
-76 -12
-72 -12
-71 -12
-70 -12
-69 -12
-68 -12
-67 -12
-66 -12
-60 -12
12 -12
13 -12
14 -12
15 -12
16 -12
17 -12
18 -12
19 -12
20 -12
21 -12
22 -12
23 -12
24 -12
25 -12
26 -12
27 -12
37 -12
38 -12
39 -12
40 -12
41 -12
42 -12
76 -12
77 -12
-77 -13
-76 -13
-72 -13
-71 -13
-70 -13
-69 -13
-68 -13
12 -13
13 -13
14 -13
15 -13
16 -13
17 -13
18 -13
19 -13
20 -13
21 -13
22 -13
23 -13
24 -13
25 -13
26 -13
27 -13
38 -13
39 -13
40 -13
41 -13
76 -13
77 -13
-77 -14
-76 -14
-72 -14
-71 -14
-70 -14
-69 -14
-68 -14
-56 -14
-54 -14
12 -14
13 -14
14 -14
15 -14
16 -14
17 -14
18 -14
19 -14
20 -14
21 -14
22 -14
23 -14
24 -14
25 -14
26 -14
27 -14
28 -14
40 -14
52 -14
76 -14
77 -14
-77 -15
-76 -15
-72 -15
-71 -15
-70 -15
-69 -15
-68 -15
12 -15
13 -15
14 -15
15 -15
16 -15
17 -15
18 -15
19 -15
20 -15
21 -15
22 -15
23 -15
24 -15
25 -15
26 -15
27 -15
28 -15
76 -15
77 -15
-77 -16
-76 -16
-72 -16
-71 -16
-70 -16
-69 -16
-68 -16
-56 -16
-54 -16
12 -16
13 -16
14 -16
15 -16
16 -16
17 -16
18 -16
19 -16
20 -16
21 -16
22 -16
23 -16
24 -16
25 -16
26 -16
27 -16
28 -16
76 -16
77 -16
-77 -17
-76 -17
-72 -17
-71 -17
-70 -17
-69 -17
-68 -17
-56 -17
-55 -17
-54 -17
12 -17
13 -17
14 -17
15 -17
16 -17
17 -17
18 -17
19 -17
20 -17
21 -17
22 -17
23 -17
24 -17
25 -17
26 -17
27 -17
28 -17
49 -17
76 -17
77 -17
-77 -18
-76 -18
-72 -18
-71 -18
-70 -18
-69 -18
-68 -18
-57 -18
-56 -18
-55 -18
-54 -18
12 -18
13 -18
14 -18
15 -18
16 -18
17 -18
18 -18
19 -18
20 -18
21 -18
22 -18
23 -18
24 -18
25 -18
26 -18
27 -18
28 -18
47 -18
48 -18
49 -18
76 -18
77 -18
-77 -19
-76 -19
-72 -19
-71 -19
-70 -19
-69 -19
-68 -19
-57 -19
-56 -19
-55 -19
-54 -19
12 -19
13 -19
14 -19
15 -19
16 -19
17 -19
18 -19
19 -19
20 -19
21 -19
22 -19
23 -19
24 -19
25 -19
26 -19
27 -19
28 -19
47 -19
48 -19
49 -19
76 -19
77 -19
-77 -20
-76 -20
-72 -20
-71 -20
-70 -20
-69 -20
-68 -20
-67 -20
-66 -20
-65 -20
-64 -20
-63 -20
-62 -20
-61 -20
-60 -20
-59 -20
-58 -20
-57 -20
-56 -20
-55 -20
-54 -20
12 -20
13 -20
14 -20
15 -20
16 -20
17 -20
18 -20
19 -20
20 -20
21 -20
22 -20
23 -20
24 -20
25 -20
26 -20
27 -20
28 -20
47 -20
48 -20
49 -20
76 -20
77 -20
-77 -21
-76 -21
-72 -21
-71 -21
-70 -21
-69 -21
-68 -21
-67 -21
-65 -21
-64 -21
-63 -21
-62 -21
-61 -21
-60 -21
-59 -21
-58 -21
-57 -21
-56 -21
-55 -21
-54 -21
12 -21
13 -21
14 -21
15 -21
16 -21
17 -21
18 -21
19 -21
20 -21
21 -21
22 -21
23 -21
24 -21
25 -21
26 -21
27 -21
28 -21
76 -21
77 -21
-77 -22
-76 -22
-72 -22
-71 -22
-70 -22
-69 -22
-68 -22
-67 -22
-66 -22
-65 -22
-64 -22
-63 -22
-62 -22
-61 -22
-60 -22
-59 -22
-58 -22
-57 -22
-56 -22
-55 -22
-54 -22
13 -22
14 -22
15 -22
16 -22
17 -22
18 -22
19 -22
20 -22
21 -22
22 -22
23 -22
24 -22
25 -22
26 -22
27 -22
28 -22
44 -22
76 -22
77 -22
-77 -23
-76 -23
-72 -23
-71 -23
-70 -23
-69 -23
-68 -23
-67 -23
-66 -23
-65 -23
-64 -23
-57 -23
-56 -23
-55 -23
-54 -23
17 -23
18 -23
19 -23
20 -23
21 -23
22 -23
23 -23
24 -23
25 -23
26 -23
44 -23
45 -23
48 -23
76 -23
77 -23
-77 -24
-76 -24
-72 -24
-71 -24
-70 -24
-69 -24
-68 -24
-67 -24
-66 -24
-65 -24
-64 -24
-56 -24
-55 -24
-54 -24
18 -24
19 -24
20 -24
25 -24
26 -24
47 -24
48 -24
49 -24
76 -24
77 -24
-77 -25
-76 -25
-72 -25
-71 -25
-70 -25
-69 -25
-68 -25
-67 -25
-55 -25
-54 -25
25 -25
26 -25
41 -25
42 -25
47 -25
48 -25
49 -25
76 -25
77 -25
-77 -26
-76 -26
-72 -26
-71 -26
-70 -26
-69 -26
-68 -26
-67 -26
-54 -26
24 -26
25 -26
26 -26
41 -26
47 -26
48 -26
76 -26
77 -26
-77 -27
-76 -27
-72 -27
-71 -27
-70 -27
-69 -27
-68 -27
-67 -27
-54 -27
-36 -27
24 -27
25 -27
26 -27
51 -27
76 -27
77 -27
-77 -28
-76 -28
-72 -28
-71 -28
-70 -28
-69 -28
-68 -28
-67 -28
-66 -28
-65 -28
-64 -28
-63 -28
-62 -28
-54 -28
-38 -28
-36 -28
22 -28
23 -28
24 -28
25 -28
26 -28
28 -28
46 -28
47 -28
50 -28
51 -28
52 -28
53 -28
76 -28
77 -28
-77 -29
-76 -29
-72 -29
-71 -29
-70 -29
-69 -29
-68 -29
-67 -29
-66 -29
-54 -29
-38 -29
-30 -29
-29 -29
21 -29
22 -29
23 -29
24 -29
25 -29
26 -29
45 -29
46 -29
47 -29
48 -29
50 -29
51 -29
52 -29
76 -29
77 -29
-77 -30
-76 -30
-72 -30
-71 -30
-70 -30
-69 -30
-68 -30
-67 -30
-54 -30
-38 -30
-32 -30
-30 -30
-29 -30
-28 -30
20 -30
21 -30
22 -30
23 -30
24 -30
25 -30
26 -30
28 -30
46 -30
47 -30
48 -30
55 -30
76 -30
77 -30
-77 -31
-76 -31
-72 -31
-71 -31
-70 -31
-69 -31
-68 -31
-67 -31
-54 -31
-31 -31
-30 -31
-29 -31
-28 -31
20 -31
21 -31
22 -31
23 -31
24 -31
25 -31
26 -31
35 -31
36 -31
54 -31
55 -31
56 -31
76 -31
77 -31
-77 -32
-76 -32
-72 -32
-71 -32
-70 -32
-69 -32
-68 -32
-67 -32
-66 -32
-65 -32
-64 -32
-63 -32
-54 -32
-38 -32
-36 -32
-32 -32
-30 -32
-29 -32
-28 -32
18 -32
20 -32
21 -32
22 -32
23 -32
24 -32
25 -32
26 -32
35 -32
54 -32
55 -32
56 -32
76 -32
77 -32
-77 -33
-76 -33
-72 -33
-71 -33
-70 -33
-69 -33
-68 -33
-67 -33
-66 -33
-54 -33
-32 -33
-31 -33
-30 -33
-29 -33
-28 -33
19 -33
20 -33
21 -33
22 -33
23 -33
24 -33
25 -33
76 -33
77 -33
-77 -34
-76 -34
-72 -34
-71 -34
-70 -34
-69 -34
-68 -34
-67 -34
-66 -34
-65 -34
-54 -34
-50 -34
-48 -34
-47 -34
-46 -34
-32 -34
-31 -34
-30 -34
-29 -34
-28 -34
20 -34
21 -34
22 -34
23 -34
24 -34
25 -34
31 -34
32 -34
76 -34
77 -34
-77 -35
-76 -35
-72 -35
-71 -35
-70 -35
-69 -35
-68 -35
-67 -35
-66 -35
-65 -35
-64 -35
-50 -35
-49 -35
-48 -35
-47 -35
-46 -35
-32 -35
-31 -35
-30 -35
-29 -35
-28 -35
32 -35
76 -35
77 -35
-77 -36
-76 -36
-72 -36
-71 -36
-70 -36
-69 -36
-68 -36
-67 -36
-66 -36
-65 -36
-64 -36
-54 -36
-50 -36
-48 -36
-47 -36
-46 -36
-45 -36
-44 -36
-32 -36
-31 -36
-30 -36
-29 -36
-28 -36
36 -36
37 -36
41 -36
45 -36
46 -36
50 -36
54 -36
60 -36
76 -36
77 -36
-77 -37
-76 -37
-72 -37
-71 -37
-70 -37
-69 -37
-68 -37
-67 -37
-66 -37
-65 -37
-64 -37
-54 -37
-50 -37
-48 -37
-47 -37
-46 -37
-45 -37
-44 -37
-30 -37
28 -37
29 -37
36 -37
37 -37
45 -37
46 -37
54 -37
76 -37
77 -37
-77 -38
-76 -38
-72 -38
-71 -38
-70 -38
-69 -38
-68 -38
-67 -38
-66 -38
-65 -38
-54 -38
-50 -38
-48 -38
-47 -38
-46 -38
-45 -38
-44 -38
-31 -38
-30 -38
-29 -38
28 -38
29 -38
76 -38
77 -38
-77 -39
-76 -39
-72 -39
-71 -39
-70 -39
-69 -39
-68 -39
-67 -39
-66 -39
-65 -39
-54 -39
-50 -39
-48 -39
-47 -39
-46 -39
-45 -39
-44 -39
61 -39
62 -39
76 -39
77 -39
-77 -40
-76 -40
-72 -40
-71 -40
-70 -40
-69 -40
-68 -40
-67 -40
-66 -40
-65 -40
-54 -40
-50 -40
-48 -40
-47 -40
-46 -40
-45 -40
-44 -40
25 -40
26 -40
61 -40
62 -40
76 -40
77 -40
-77 -41
-76 -41
-72 -41
-71 -41
-70 -41
-69 -41
-68 -41
-67 -41
-66 -41
-65 -41
-64 -41
-54 -41
-50 -41
-48 -41
-47 -41
-46 -41
-45 -41
-44 -41
25 -41
26 -41
31 -41
32 -41
36 -41
37 -41
76 -41
77 -41
-77 -42
-76 -42
-72 -42
-71 -42
-70 -42
-69 -42
-68 -42
-67 -42
-66 -42
-65 -42
-64 -42
-59 -42
-58 -42
-57 -42
-56 -42
-54 -42
-50 -42
-48 -42
-47 -42
-46 -42
-45 -42
-44 -42
31 -42
32 -42
36 -42
37 -42
52 -42
54 -42
55 -42
56 -42
76 -42
77 -42
-77 -43
-76 -43
-72 -43
-71 -43
-70 -43
-69 -43
-68 -43
-67 -43
-66 -43
-65 -43
-56 -43
-54 -43
-50 -43
-48 -43
-47 -43
-46 -43
-45 -43
-44 -43
21 -43
22 -43
53 -43
55 -43
56 -43
76 -43
77 -43
-77 -44
-76 -44
-72 -44
-71 -44
-70 -44
-69 -44
-68 -44
-67 -44
-66 -44
-65 -44
-56 -44
-54 -44
-50 -44
-48 -44
-47 -44
-46 -44
-45 -44
-44 -44
-30 -44
-28 -44
50 -44
51 -44
52 -44
53 -44
54 -44
55 -44
56 -44
57 -44
58 -44
64 -44
76 -44
77 -44
-77 -45
-76 -45
-72 -45
-71 -45
-70 -45
-69 -45
-68 -45
-67 -45
-66 -45
-50 -45
-48 -45
-47 -45
-46 -45
-45 -45
-44 -45
-29 -45
50 -45
51 -45
52 -45
53 -45
54 -45
55 -45
56 -45
57 -45
58 -45
76 -45
77 -45
-77 -46
-76 -46
-72 -46
-71 -46
-70 -46
-69 -46
-68 -46
-67 -46
-66 -46
-54 -46
-50 -46
-48 -46
-47 -46
-46 -46
-45 -46
-44 -46
-32 -46
-30 -46
-29 -46
-28 -46
50 -46
51 -46
52 -46
53 -46
54 -46
55 -46
56 -46
57 -46
58 -46
76 -46
77 -46
-77 -47
-76 -47
-72 -47
-71 -47
-70 -47
-69 -47
-68 -47
-67 -47
-66 -47
-65 -47
-54 -47
-50 -47
-48 -47
-47 -47
-46 -47
-45 -47
-44 -47
-32 -47
-31 -47
-30 -47
-29 -47
-28 -47
-27 -47
50 -47
51 -47
52 -47
53 -47
54 -47
55 -47
56 -47
57 -47
58 -47
76 -47
77 -47
-77 -48
-76 -48
-72 -48
-71 -48
-70 -48
-69 -48
-68 -48
-67 -48
-66 -48
-65 -48
-64 -48
-63 -48
-62 -48
-54 -48
-50 -48
-48 -48
-47 -48
-46 -48
-45 -48
-44 -48
-32 -48
-31 -48
-30 -48
-29 -48
-28 -48
-27 -48
50 -48
51 -48
52 -48
53 -48
54 -48
55 -48
56 -48
57 -48
58 -48
76 -48
77 -48
-77 -49
-76 -49
-72 -49
-71 -49
-70 -49
-69 -49
-68 -49
-67 -49
-66 -49
-65 -49
-64 -49
-54 -49
-50 -49
-48 -49
-47 -49
-46 -49
-45 -49
-44 -49
-32 -49
-31 -49
-30 -49
-29 -49
-28 -49
-27 -49
44 -49
50 -49
52 -49
53 -49
54 -49
55 -49
56 -49
57 -49
58 -49
76 -49
77 -49
-77 -50
-76 -50
-72 -50
-71 -50
-70 -50
-69 -50
-68 -50
-67 -50
-66 -50
-65 -50
-64 -50
-54 -50
-50 -50
-48 -50
-47 -50
-46 -50
-45 -50
-44 -50
-35 -50
-34 -50
-33 -50
-32 -50
-31 -50
-30 -50
-29 -50
-28 -50
-27 -50
-26 -50
-25 -50
-24 -50
-23 -50
44 -50
50 -50
52 -50
53 -50
54 -50
55 -50
56 -50
57 -50
58 -50
76 -50
77 -50
-77 -51
-76 -51
-72 -51
-71 -51
-70 -51
-69 -51
-68 -51
-67 -51
-50 -51
-49 -51
-48 -51
-47 -51
-46 -51
-45 -51
-44 -51
-34 -51
-33 -51
-32 -51
-31 -51
-30 -51
-29 -51
-28 -51
-27 -51
-26 -51
-25 -51
-24 -51
44 -51
50 -51
51 -51
52 -51
53 -51
54 -51
55 -51
56 -51
57 -51
58 -51
76 -51
77 -51
-77 -52
-76 -52
-72 -52
-71 -52
-70 -52
-69 -52
-68 -52
-67 -52
-50 -52
-49 -52
-48 -52
-47 -52
-46 -52
-45 -52
-44 -52
-34 -52
-33 -52
-32 -52
-31 -52
-30 -52
-29 -52
-28 -52
-27 -52
-26 -52
-25 -52
-24 -52
-23 -52
44 -52
45 -52
46 -52
47 -52
48 -52
49 -52
50 -52
51 -52
52 -52
53 -52
54 -52
55 -52
56 -52
57 -52
58 -52
76 -52
77 -52
-77 -53
-76 -53
-72 -53
-71 -53
-70 -53
-69 -53
-68 -53
-67 -53
-66 -53
-50 -53
-49 -53
-48 -53
-47 -53
-46 -53
-45 -53
-44 -53
-32 -53
-31 -53
-30 -53
-29 -53
-28 -53
-27 -53
-26 -53
42 -53
44 -53
45 -53
46 -53
47 -53
48 -53
49 -53
50 -53
51 -53
52 -53
53 -53
54 -53
55 -53
56 -53
57 -53
58 -53
76 -53
77 -53
-77 -54
-76 -54
-72 -54
-70 -54
-69 -54
-68 -54
-67 -54
-66 -54
-56 -54
-50 -54
-48 -54
-47 -54
-46 -54
-45 -54
-44 -54
-32 -54
-31 -54
-30 -54
-29 -54
-28 -54
-27 -54
40 -54
41 -54
42 -54
43 -54
44 -54
45 -54
46 -54
47 -54
48 -54
49 -54
50 -54
51 -54
52 -54
53 -54
54 -54
55 -54
56 -54
57 -54
58 -54
76 -54
77 -54
-77 -55
-76 -55
-69 -55
-68 -55
-47 -55
-32 -55
-31 -55
-30 -55
-29 -55
-28 -55
-27 -55
42 -55
43 -55
44 -55
45 -55
46 -55
47 -55
48 -55
49 -55
50 -55
51 -55
52 -55
53 -55
54 -55
55 -55
56 -55
57 -55
58 -55
76 -55
77 -55
-77 -56
-76 -56
-70 -56
-69 -56
-68 -56
-48 -56
-47 -56
-46 -56
-30 -56
-29 -56
-28 -56
42 -56
44 -56
45 -56
46 -56
47 -56
48 -56
49 -56
50 -56
51 -56
52 -56
53 -56
54 -56
55 -56
56 -56
57 -56
58 -56
76 -56
77 -56
-77 -57
-76 -57
-29 -57
44 -57
45 -57
46 -57
52 -57
53 -57
54 -57
55 -57
56 -57
57 -57
58 -57
76 -57
77 -57
-77 -58
-76 -58
-30 -58
-29 -58
-28 -58
24 -58
25 -58
43 -58
44 -58
45 -58
52 -58
53 -58
54 -58
55 -58
56 -58
57 -58
58 -58
76 -58
77 -58
-77 -59
-76 -59
28 -59
29 -59
33 -59
44 -59
52 -59
53 -59
54 -59
55 -59
56 -59
57 -59
58 -59
76 -59
77 -59
-77 -60
-76 -60
29 -60
44 -60
52 -60
53 -60
54 -60
55 -60
56 -60
57 -60
58 -60
76 -60
77 -60
-77 -61
-76 -61
52 -61
53 -61
54 -61
55 -61
56 -61
57 -61
58 -61
76 -61
77 -61
-77 -62
-76 -62
28 -62
29 -62
30 -62
31 -62
32 -62
33 -62
34 -62
52 -62
53 -62
54 -62
55 -62
56 -62
57 -62
58 -62
76 -62
77 -62
-77 -63
-76 -63
26 -63
27 -63
28 -63
29 -63
30 -63
31 -63
32 -63
33 -63
34 -63
52 -63
53 -63
54 -63
55 -63
56 -63
57 -63
58 -63
76 -63
77 -63
-77 -64
-76 -64
-70 -64
-69 -64
-68 -64
-67 -64
-66 -64
-65 -64
-64 -64
-54 -64
-46 -64
-45 -64
-44 -64
-43 -64
-42 -64
26 -64
27 -64
28 -64
29 -64
30 -64
31 -64
32 -64
33 -64
34 -64
52 -64
53 -64
54 -64
55 -64
56 -64
57 -64
58 -64
76 -64
77 -64
-77 -65
-76 -65
-70 -65
-69 -65
-68 -65
-67 -65
-66 -65
-65 -65
-64 -65
-54 -65
-46 -65
-45 -65
-44 -65
-43 -65
-42 -65
26 -65
27 -65
28 -65
29 -65
30 -65
31 -65
32 -65
33 -65
34 -65
52 -65
53 -65
54 -65
55 -65
56 -65
57 -65
58 -65
76 -65
77 -65
-77 -66
-76 -66
-72 -66
-70 -66
-69 -66
-68 -66
-67 -66
-66 -66
-65 -66
-64 -66
-63 -66
-59 -66
-58 -66
-54 -66
-53 -66
-48 -66
-47 -66
-46 -66
-45 -66
-44 -66
-43 -66
-42 -66
-41 -66
-40 -66
-39 -66
-38 -66
-37 -66
-36 -66
26 -66
27 -66
28 -66
29 -66
30 -66
31 -66
32 -66
33 -66
34 -66
35 -66
36 -66
52 -66
53 -66
54 -66
55 -66
56 -66
57 -66
58 -66
76 -66
77 -66
-77 -67
-76 -67
-72 -67
-71 -67
-70 -67
-69 -67
-68 -67
-67 -67
-66 -67
-65 -67
-54 -67
-53 -67
-52 -67
-48 -67
-47 -67
-46 -67
-45 -67
-44 -67
-43 -67
-42 -67
-41 -67
-40 -67
-39 -67
-38 -67
-37 -67
-36 -67
26 -67
27 -67
28 -67
29 -67
30 -67
31 -67
32 -67
33 -67
34 -67
35 -67
36 -67
37 -67
52 -67
53 -67
54 -67
55 -67
56 -67
57 -67
58 -67
76 -67
77 -67
-77 -68
-76 -68
-72 -68
-71 -68
-70 -68
-69 -68
-68 -68
-67 -68
-66 -68
-65 -68
-54 -68
-53 -68
-52 -68
-51 -68
-50 -68
-49 -68
-48 -68
-47 -68
-46 -68
-45 -68
-44 -68
-43 -68
-42 -68
-41 -68
-40 -68
-39 -68
-38 -68
-37 -68
-36 -68
-35 -68
-34 -68
-33 -68
-32 -68
-31 -68
-30 -68
26 -68
27 -68
28 -68
29 -68
30 -68
31 -68
32 -68
33 -68
34 -68
35 -68
36 -68
37 -68
52 -68
53 -68
54 -68
55 -68
56 -68
57 -68
58 -68
76 -68
77 -68
-77 -69
-76 -69
-72 -69
-71 -69
-70 -69
-69 -69
-68 -69
-67 -69
-66 -69
-54 -69
-53 -69
-52 -69
-51 -69
-50 -69
-49 -69
-48 -69
-47 -69
-46 -69
-45 -69
-44 -69
-43 -69
-42 -69
-41 -69
-40 -69
-39 -69
-38 -69
-37 -69
-36 -69
-35 -69
-34 -69
-33 -69
-32 -69
26 -69
27 -69
28 -69
29 -69
30 -69
31 -69
32 -69
33 -69
34 -69
35 -69
36 -69
52 -69
53 -69
54 -69
55 -69
56 -69
57 -69
58 -69
76 -69
77 -69
-77 -70
-76 -70
-72 -70
-71 -70
-70 -70
-69 -70
-68 -70
-67 -70
-66 -70
-54 -70
-53 -70
-52 -70
-51 -70
-50 -70
-49 -70
-48 -70
-47 -70
-46 -70
-45 -70
-44 -70
-43 -70
-42 -70
-41 -70
-40 -70
-39 -70
-38 -70
-37 -70
-36 -70
-35 -70
-34 -70
-33 -70
-32 -70
-31 -70
-30 -70
-29 -70
-28 -70
-27 -70
-26 -70
-25 -70
-24 -70
-23 -70
26 -70
27 -70
28 -70
29 -70
30 -70
31 -70
32 -70
33 -70
34 -70
36 -70
52 -70
53 -70
54 -70
55 -70
56 -70
57 -70
58 -70
76 -70
77 -70
-77 -71
-76 -71
-72 -71
-71 -71
-70 -71
-69 -71
-68 -71
-67 -71
-66 -71
-56 -71
-55 -71
-54 -71
-53 -71
-52 -71
-51 -71
-50 -71
-49 -71
-48 -71
-47 -71
-46 -71
-45 -71
-44 -71
-43 -71
-42 -71
-41 -71
-40 -71
-39 -71
-38 -71
-37 -71
-36 -71
-35 -71
-34 -71
-33 -71
-32 -71
-27 -71
-26 -71
-25 -71
-24 -71
-23 -71
-22 -71
26 -71
27 -71
28 -71
29 -71
30 -71
31 -71
32 -71
33 -71
34 -71
52 -71
53 -71
54 -71
55 -71
56 -71
57 -71
58 -71
76 -71
77 -71
-77 -72
-76 -72
-72 -72
-71 -72
-70 -72
-69 -72
-68 -72
-67 -72
-56 -72
-55 -72
-54 -72
-53 -72
-52 -72
-51 -72
-50 -72
-49 -72
-48 -72
-47 -72
-46 -72
-45 -72
-44 -72
-43 -72
-42 -72
-41 -72
-40 -72
-39 -72
-38 -72
-37 -72
-36 -72
-35 -72
-34 -72
-33 -72
-32 -72
-26 -72
-25 -72
-24 -72
-23 -72
-22 -72
26 -72
27 -72
28 -72
29 -72
30 -72
31 -72
32 -72
33 -72
34 -72
52 -72
53 -72
54 -72
55 -72
56 -72
57 -72
58 -72
76 -72
77 -72
-77 -73
-76 -73
-72 -73
-71 -73
-70 -73
-69 -73
-68 -73
-56 -73
-55 -73
-54 -73
-53 -73
-52 -73
-51 -73
-50 -73
-49 -73
-48 -73
-47 -73
-46 -73
-45 -73
-44 -73
-43 -73
-42 -73
-41 -73
-40 -73
-39 -73
-38 -73
-37 -73
-36 -73
-35 -73
-34 -73
-33 -73
-32 -73
-26 -73
-25 -73
-24 -73
-23 -73
-22 -73
28 -73
29 -73
30 -73
31 -73
32 -73
52 -73
53 -73
54 -73
55 -73
56 -73
57 -73
58 -73
76 -73
77 -73
-77 -74
-76 -74
-72 -74
-71 -74
-70 -74
-69 -74
-68 -74
-56 -74
-55 -74
-54 -74
-53 -74
-52 -74
-51 -74
-50 -74
-49 -74
-48 -74
-47 -74
-46 -74
-45 -74
-44 -74
-43 -74
-42 -74
-41 -74
-40 -74
-39 -74
-38 -74
-37 -74
-36 -74
-35 -74
-34 -74
-33 -74
-32 -74
-26 -74
-25 -74
-24 -74
-23 -74
-22 -74
27 -74
28 -74
29 -74
30 -74
31 -74
32 -74
51 -74
52 -74
53 -74
54 -74
55 -74
56 -74
57 -74
58 -74
76 -74
77 -74
-77 -75
-76 -75
-72 -75
-71 -75
-70 -75
-69 -75
-68 -75
-67 -75
-66 -75
-60 -75
-59 -75
-58 -75
-57 -75
-56 -75
-55 -75
-54 -75
-53 -75
-52 -75
-51 -75
-50 -75
-49 -75
-48 -75
-47 -75
-46 -75
-45 -75
-44 -75
-43 -75
-42 -75
-41 -75
-40 -75
-39 -75
-38 -75
-37 -75
-36 -75
-35 -75
-34 -75
-33 -75
-29 -75
-28 -75
-27 -75
-26 -75
-25 -75
-24 -75
-23 -75
-22 -75
28 -75
51 -75
52 -75
53 -75
54 -75
55 -75
56 -75
57 -75
58 -75
76 -75
77 -75
-77 -76
-76 -76
-72 -76
-71 -76
-70 -76
-69 -76
-68 -76
-67 -76
-66 -76
-65 -76
-64 -76
-63 -76
-62 -76
-61 -76
-57 -76
-56 -76
-55 -76
-54 -76
-53 -76
-52 -76
-51 -76
-50 -76
-49 -76
-48 -76
-47 -76
-46 -76
-45 -76
-44 -76
-43 -76
-42 -76
-41 -76
-40 -76
-39 -76
-38 -76
-37 -76
-36 -76
-35 -76
-34 -76
-33 -76
-29 -76
-28 -76
-27 -76
-26 -76
-25 -76
-24 -76
-23 -76
-22 -76
28 -76
50 -76
51 -76
52 -76
53 -76
54 -76
55 -76
56 -76
57 -76
58 -76
59 -76
60 -76
76 -76
77 -76
-77 -77
-76 -77
-72 -77
-71 -77
-70 -77
-69 -77
-68 -77
-67 -77
-66 -77
-65 -77
-64 -77
-63 -77
-62 -77
-57 -77
-56 -77
-55 -77
-54 -77
-53 -77
-52 -77
-51 -77
-50 -77
-49 -77
-48 -77
-47 -77
-46 -77
-45 -77
-44 -77
-43 -77
-42 -77
-41 -77
-40 -77
-39 -77
-38 -77
-37 -77
-36 -77
-35 -77
-34 -77
-33 -77
-29 -77
-28 -77
-27 -77
-26 -77
-25 -77
-24 -77
-23 -77
-22 -77
50 -77
51 -77
52 -77
53 -77
54 -77
55 -77
56 -77
57 -77
58 -77
59 -77
76 -77
77 -77
-77 -78
-76 -78
-72 -78
-71 -78
-70 -78
-69 -78
-68 -78
-67 -78
-66 -78
-65 -78
-64 -78
-63 -78
-57 -78
-56 -78
-55 -78
-54 -78
-53 -78
-52 -78
-51 -78
-50 -78
-49 -78
-48 -78
-47 -78
-46 -78
-45 -78
-44 -78
-43 -78
-42 -78
-41 -78
-40 -78
-39 -78
-38 -78
-37 -78
-36 -78
-35 -78
-34 -78
-33 -78
-29 -78
-28 -78
-27 -78
-26 -78
-25 -78
-24 -78
-23 -78
-22 -78
50 -78
51 -78
52 -78
53 -78
54 -78
55 -78
56 -78
57 -78
58 -78
76 -78
77 -78
-77 -79
-76 -79
-72 -79
-71 -79
-70 -79
-69 -79
-68 -79
-67 -79
-66 -79
-65 -79
-64 -79
-57 -79
-56 -79
-55 -79
-54 -79
-53 -79
-52 -79
-51 -79
-50 -79
-49 -79
-48 -79
-47 -79
-46 -79
-45 -79
-44 -79
-43 -79
-42 -79
-41 -79
-40 -79
-39 -79
-38 -79
-37 -79
-36 -79
-35 -79
-34 -79
-33 -79
-29 -79
-28 -79
-27 -79
-26 -79
-25 -79
-24 -79
-23 -79
50 -79
51 -79
52 -79
53 -79
54 -79
55 -79
56 -79
76 -79
77 -79
-77 -80
-76 -80
-72 -80
-71 -80
-70 -80
-69 -80
-68 -80
-67 -80
-66 -80
-65 -80
-64 -80
-57 -80
-56 -80
-55 -80
-54 -80
-53 -80
-52 -80
-51 -80
-50 -80
-49 -80
-48 -80
-47 -80
-46 -80
-45 -80
-44 -80
-43 -80
-42 -80
-41 -80
-40 -80
-39 -80
-38 -80
-37 -80
-36 -80
-35 -80
-34 -80
-33 -80
-29 -80
-28 -80
-27 -80
-26 -80
-25 -80
-24 -80
-23 -80
47 -80
48 -80
49 -80
50 -80
51 -80
52 -80
53 -80
54 -80
55 -80
56 -80
76 -80
77 -80
-77 -81
-76 -81
-72 -81
-71 -81
-70 -81
-69 -81
-68 -81
-67 -81
-66 -81
-65 -81
-64 -81
-57 -81
-56 -81
-55 -81
-48 -81
-47 -81
-46 -81
-45 -81
-44 -81
-43 -81
-42 -81
-41 -81
-40 -81
-39 -81
-38 -81
-37 -81
-36 -81
-35 -81
-34 -81
-33 -81
-27 -81
-26 -81
-25 -81
-24 -81
-23 -81
46 -81
47 -81
48 -81
49 -81
50 -81
51 -81
52 -81
53 -81
54 -81
76 -81
77 -81
-77 -82
-76 -82
-72 -82
-71 -82
-70 -82
-69 -82
-68 -82
-67 -82
-66 -82
-65 -82
-64 -82
-58 -82
-57 -82
-56 -82
-55 -82
-54 -82
-53 -82
-52 -82
-51 -82
-50 -82
-49 -82
-48 -82
-47 -82
-42 -82
-41 -82
-40 -82
-39 -82
-38 -82
-37 -82
-36 -82
-35 -82
-34 -82
-33 -82
-27 -82
-26 -82
-25 -82
-24 -82
-23 -82
45 -82
46 -82
47 -82
48 -82
49 -82
50 -82
51 -82
52 -82
53 -82
54 -82
76 -82
77 -82
-77 -83
-76 -83
-72 -83
-71 -83
-70 -83
-69 -83
-68 -83
-67 -83
-66 -83
-65 -83
-64 -83
-42 -83
-41 -83
-40 -83
-39 -83
-38 -83
-37 -83
-36 -83
-35 -83
-34 -83
-33 -83
-26 -83
-25 -83
-24 -83
-23 -83
44 -83
45 -83
46 -83
47 -83
48 -83
49 -83
50 -83
51 -83
52 -83
53 -83
54 -83
76 -83
77 -83
-77 -84
-76 -84
-72 -84
-71 -84
-70 -84
-69 -84
-68 -84
-67 -84
-66 -84
-65 -84
-64 -84
-42 -84
-41 -84
-40 -84
-39 -84
-38 -84
-37 -84
-36 -84
-35 -84
-34 -84
-26 -84
-25 -84
-24 -84
-23 -84
42 -84
43 -84
44 -84
45 -84
46 -84
47 -84
48 -84
49 -84
50 -84
51 -84
52 -84
53 -84
54 -84
76 -84
77 -84
-77 -85
-76 -85
-72 -85
-71 -85
-70 -85
-69 -85
-68 -85
-67 -85
-42 -85
-41 -85
-40 -85
-39 -85
-38 -85
-37 -85
-36 -85
-35 -85
-34 -85
-26 -85
-25 -85
-24 -85
-23 -85
43 -85
44 -85
45 -85
46 -85
47 -85
48 -85
49 -85
50 -85
51 -85
52 -85
76 -85
77 -85
-77 -86
-76 -86
-72 -86
-71 -86
-70 -86
-69 -86
-68 -86
-67 -86
-66 -86
-53 -86
-52 -86
-51 -86
-47 -86
-42 -86
-41 -86
-40 -86
-39 -86
-38 -86
-37 -86
-36 -86
-35 -86
-34 -86
-26 -86
-25 -86
-24 -86
-23 -86
40 -86
42 -86
43 -86
44 -86
45 -86
46 -86
47 -86
48 -86
49 -86
50 -86
51 -86
52 -86
53 -86
76 -86
77 -86
-77 -87
-76 -87
-72 -87
-71 -87
-70 -87
-69 -87
-68 -87
-60 -87
-58 -87
-48 -87
-47 -87
-42 -87
-41 -87
-40 -87
-39 -87
-38 -87
-37 -87
-36 -87
-35 -87
-34 -87
-33 -87
-26 -87
-25 -87
-24 -87
40 -87
41 -87
42 -87
43 -87
44 -87
45 -87
46 -87
47 -87
48 -87
49 -87
50 -87
51 -87
52 -87
76 -87
77 -87
-77 -88
-76 -88
-72 -88
-71 -88
-70 -88
-69 -88
-68 -88
-60 -88
-59 -88
-58 -88
-57 -88
-56 -88
-55 -88
-54 -88
-53 -88
-52 -88
-51 -88
-50 -88
-49 -88
-48 -88
-47 -88
-46 -88
-45 -88
-44 -88
-43 -88
-42 -88
-41 -88
-40 -88
-39 -88
-38 -88
-37 -88
-36 -88
-35 -88
-34 -88
-33 -88
-29 -88
-28 -88
-27 -88
-26 -88
-25 -88
-24 -88
40 -88
41 -88
42 -88
43 -88
44 -88
45 -88
46 -88
47 -88
48 -88
49 -88
50 -88
51 -88
76 -88
77 -88
-77 -89
-76 -89
-72 -89
-71 -89
-70 -89
-69 -89
-68 -89
-60 -89
-59 -89
-58 -89
-57 -89
-56 -89
-55 -89
-54 -89
-53 -89
-52 -89
-51 -89
-50 -89
-49 -89
-48 -89
-47 -89
-46 -89
-45 -89
-44 -89
-43 -89
-42 -89
-41 -89
-40 -89
-39 -89
-38 -89
-37 -89
-36 -89
-35 -89
-34 -89
-33 -89
-29 -89
-28 -89
-27 -89
-26 -89
-25 -89
-24 -89
40 -89
42 -89
43 -89
44 -89
45 -89
46 -89
47 -89
48 -89
49 -89
50 -89
76 -89
77 -89
-77 -90
-76 -90
-72 -90
-71 -90
-70 -90
-69 -90
-68 -90
-61 -90
-60 -90
-59 -90
-58 -90
-57 -90
-56 -90
-55 -90
-54 -90
-53 -90
-52 -90
-51 -90
-50 -90
-49 -90
-48 -90
-47 -90
-46 -90
-45 -90
-44 -90
-43 -90
-42 -90
-41 -90
-40 -90
-39 -90
-38 -90
-37 -90
-36 -90
-35 -90
-34 -90
-33 -90
-29 -90
-28 -90
-27 -90
-26 -90
-25 -90
-24 -90
40 -90
41 -90
42 -90
43 -90
44 -90
45 -90
46 -90
47 -90
48 -90
76 -90
77 -90
-77 -91
-76 -91
-72 -91
-71 -91
-70 -91
-69 -91
-68 -91
-61 -91
-60 -91
-59 -91
-58 -91
-57 -91
-56 -91
-55 -91
-54 -91
-53 -91
-52 -91
-51 -91
-50 -91
-49 -91
-48 -91
-47 -91
-46 -91
-45 -91
-44 -91
-43 -91
-42 -91
-41 -91
-40 -91
-39 -91
-38 -91
-37 -91
-36 -91
-35 -91
-34 -91
-33 -91
-29 -91
-28 -91
-27 -91
-26 -91
-25 -91
-24 -91
41 -91
42 -91
43 -91
44 -91
45 -91
46 -91
76 -91
77 -91
-77 -92
-76 -92
-72 -92
-71 -92
-70 -92
-69 -92
-60 -92
-59 -92
-58 -92
-57 -92
-56 -92
-55 -92
-54 -92
-53 -92
-52 -92
-51 -92
-50 -92
-49 -92
-48 -92
-47 -92
-46 -92
-45 -92
-44 -92
-43 -92
-42 -92
-41 -92
-40 -92
-39 -92
-38 -92
-37 -92
-36 -92
-35 -92
-34 -92
-33 -92
-29 -92
-28 -92
-27 -92
-26 -92
-25 -92
-24 -92
42 -92
43 -92
44 -92
45 -92
46 -92
76 -92
77 -92
-77 -93
-76 -93
-70 -93
-59 -93
-58 -93
-57 -93
-56 -93
-55 -93
-54 -93
-53 -93
-52 -93
-51 -93
-50 -93
-49 -93
-48 -93
-47 -93
-46 -93
-45 -93
-44 -93
-43 -93
-42 -93
-41 -93
-40 -93
-39 -93
-38 -93
-37 -93
-36 -93
-35 -93
-29 -93
-28 -93
-27 -93
-26 -93
-25 -93
-24 -93
76 -93
77 -93
-77 -94
-76 -94
-70 -94
-60 -94
-59 -94
-58 -94
-57 -94
-56 -94
-55 -94
-54 -94
-53 -94
-52 -94
-51 -94
-50 -94
-49 -94
-48 -94
-47 -94
-46 -94
-45 -94
-44 -94
-43 -94
-42 -94
-41 -94
-40 -94
-39 -94
-38 -94
-37 -94
-36 -94
-35 -94
-29 -94
-28 -94
-27 -94
-26 -94
-24 -94
76 -94
77 -94
-77 -95
-76 -95
76 -95
77 -95
-77 -96
-76 -96
76 -96
77 -96
-77 -97
-76 -97
76 -97
77 -97
-77 -98
-76 -98
76 -98
77 -98
-77 -99
-76 -99
76 -99
77 -99
-77 -100
-76 -100
76 -100
77 -100
-77 -101
-76 -101
76 -101
77 -101
-77 -102
-76 -102
76 -102
77 -102
-77 -103
-76 -103
76 -103
77 -103
-77 -104
-76 -104
34 -104
35 -104
36 -104
37 -104
38 -104
39 -104
40 -104
41 -104
42 -104
43 -104
44 -104
45 -104
46 -104
47 -104
48 -104
49 -104
50 -104
51 -104
52 -104
53 -104
54 -104
55 -104
56 -104
57 -104
58 -104
59 -104
60 -104
76 -104
77 -104
-77 -105
-76 -105
34 -105
35 -105
36 -105
37 -105
38 -105
39 -105
40 -105
41 -105
42 -105
43 -105
44 -105
45 -105
46 -105
47 -105
48 -105
49 -105
50 -105
51 -105
52 -105
53 -105
54 -105
55 -105
56 -105
57 -105
58 -105
59 -105
76 -105
77 -105
-77 -106
-76 -106
28 -106
34 -106
35 -106
36 -106
37 -106
38 -106
39 -106
40 -106
41 -106
42 -106
43 -106
44 -106
45 -106
46 -106
47 -106
48 -106
49 -106
50 -106
51 -106
52 -106
53 -106
54 -106
55 -106
56 -106
57 -106
58 -106
59 -106
60 -106
61 -106
62 -106
76 -106
77 -106
-77 -107
-76 -107
28 -107
33 -107
34 -107
35 -107
36 -107
37 -107
38 -107
39 -107
40 -107
41 -107
42 -107
43 -107
44 -107
45 -107
46 -107
47 -107
48 -107
49 -107
50 -107
51 -107
52 -107
53 -107
54 -107
55 -107
56 -107
57 -107
58 -107
59 -107
60 -107
61 -107
62 -107
76 -107
77 -107
-77 -108
-76 -108
28 -108
33 -108
34 -108
35 -108
36 -108
37 -108
38 -108
39 -108
40 -108
41 -108
42 -108
43 -108
44 -108
45 -108
46 -108
47 -108
48 -108
49 -108
50 -108
51 -108
52 -108
53 -108
54 -108
55 -108
56 -108
57 -108
58 -108
59 -108
60 -108
61 -108
62 -108
76 -108
77 -108
-77 -109
-76 -109
28 -109
33 -109
34 -109
35 -109
36 -109
37 -109
38 -109
39 -109
40 -109
41 -109
42 -109
43 -109
44 -109
45 -109
46 -109
47 -109
48 -109
49 -109
50 -109
51 -109
52 -109
53 -109
54 -109
55 -109
56 -109
57 -109
58 -109
59 -109
60 -109
61 -109
62 -109
76 -109
77 -109
-77 -110
-76 -110
28 -110
33 -110
34 -110
35 -110
36 -110
37 -110
38 -110
39 -110
40 -110
41 -110
42 -110
43 -110
44 -110
45 -110
46 -110
47 -110
48 -110
49 -110
50 -110
51 -110
52 -110
53 -110
54 -110
55 -110
56 -110
57 -110
58 -110
59 -110
60 -110
61 -110
62 -110
76 -110
77 -110
-77 -111
-76 -111
28 -111
33 -111
34 -111
35 -111
36 -111
37 -111
38 -111
39 -111
40 -111
41 -111
42 -111
43 -111
44 -111
45 -111
46 -111
47 -111
48 -111
49 -111
50 -111
51 -111
52 -111
53 -111
54 -111
55 -111
56 -111
57 -111
58 -111
59 -111
60 -111
61 -111
62 -111
76 -111
77 -111
-77 -112
-76 -112
28 -112
33 -112
34 -112
35 -112
36 -112
37 -112
38 -112
39 -112
40 -112
41 -112
42 -112
43 -112
44 -112
45 -112
46 -112
47 -112
48 -112
49 -112
50 -112
51 -112
52 -112
53 -112
54 -112
55 -112
56 -112
57 -112
58 -112
59 -112
60 -112
61 -112
62 -112
76 -112
77 -112
-77 -113
-76 -113
28 -113
33 -113
34 -113
35 -113
36 -113
37 -113
38 -113
39 -113
40 -113
41 -113
42 -113
43 -113
44 -113
45 -113
46 -113
47 -113
48 -113
49 -113
50 -113
51 -113
52 -113
53 -113
54 -113
55 -113
56 -113
57 -113
58 -113
59 -113
60 -113
61 -113
62 -113
76 -113
77 -113
-77 -114
-76 -114
28 -114
33 -114
34 -114
35 -114
36 -114
37 -114
38 -114
39 -114
40 -114
41 -114
42 -114
43 -114
44 -114
45 -114
46 -114
47 -114
48 -114
49 -114
50 -114
51 -114
52 -114
53 -114
54 -114
55 -114
56 -114
57 -114
58 -114
59 -114
60 -114
61 -114
62 -114
76 -114
77 -114
-77 -115
-76 -115
28 -115
33 -115
34 -115
35 -115
36 -115
37 -115
38 -115
39 -115
40 -115
41 -115
42 -115
43 -115
44 -115
45 -115
46 -115
47 -115
48 -115
49 -115
50 -115
51 -115
52 -115
53 -115
54 -115
55 -115
56 -115
57 -115
58 -115
59 -115
60 -115
61 -115
62 -115
76 -115
77 -115
-77 -116
-76 -116
28 -116
33 -116
34 -116
35 -116
36 -116
37 -116
38 -116
39 -116
40 -116
41 -116
42 -116
43 -116
44 -116
45 -116
46 -116
47 -116
48 -116
49 -116
50 -116
51 -116
52 -116
53 -116
54 -116
55 -116
56 -116
57 -116
58 -116
59 -116
60 -116
61 -116
62 -116
76 -116
77 -116
-77 -117
-76 -117
28 -117
33 -117
34 -117
35 -117
36 -117
37 -117
38 -117
39 -117
40 -117
41 -117
42 -117
43 -117
44 -117
45 -117
46 -117
47 -117
48 -117
49 -117
50 -117
51 -117
52 -117
53 -117
54 -117
55 -117
56 -117
57 -117
58 -117
59 -117
60 -117
61 -117
62 -117
76 -117
77 -117
-77 -118
-76 -118
28 -118
33 -118
34 -118
35 -118
36 -118
37 -118
38 -118
39 -118
40 -118
41 -118
42 -118
43 -118
44 -118
45 -118
46 -118
47 -118
48 -118
49 -118
50 -118
51 -118
52 -118
53 -118
54 -118
55 -118
56 -118
57 -118
58 -118
59 -118
60 -118
61 -118
62 -118
76 -118
77 -118
-77 -119
-76 -119
28 -119
33 -119
34 -119
35 -119
36 -119
37 -119
38 -119
39 -119
40 -119
41 -119
42 -119
43 -119
44 -119
45 -119
46 -119
47 -119
48 -119
49 -119
50 -119
51 -119
52 -119
53 -119
54 -119
55 -119
56 -119
57 -119
58 -119
59 -119
60 -119
61 -119
62 -119
76 -119
77 -119
-77 -120
-76 -120
28 -120
33 -120
34 -120
35 -120
36 -120
37 -120
38 -120
39 -120
40 -120
41 -120
42 -120
43 -120
44 -120
45 -120
46 -120
47 -120
48 -120
49 -120
50 -120
51 -120
52 -120
53 -120
54 -120
55 -120
56 -120
57 -120
58 -120
59 -120
60 -120
61 -120
62 -120
76 -120
77 -120
-77 -121
-76 -121
28 -121
33 -121
34 -121
35 -121
36 -121
37 -121
38 -121
39 -121
40 -121
41 -121
42 -121
43 -121
44 -121
45 -121
46 -121
47 -121
48 -121
49 -121
50 -121
51 -121
52 -121
53 -121
54 -121
55 -121
56 -121
57 -121
58 -121
59 -121
60 -121
61 -121
62 -121
76 -121
77 -121
-77 -122
-76 -122
33 -122
34 -122
35 -122
36 -122
37 -122
38 -122
39 -122
40 -122
41 -122
42 -122
43 -122
44 -122
45 -122
46 -122
47 -122
48 -122
49 -122
50 -122
51 -122
52 -122
53 -122
54 -122
55 -122
56 -122
57 -122
58 -122
59 -122
60 -122
61 -122
62 -122
76 -122
77 -122
-77 -123
-76 -123
33 -123
34 -123
35 -123
36 -123
37 -123
38 -123
39 -123
40 -123
41 -123
42 -123
43 -123
44 -123
45 -123
46 -123
47 -123
48 -123
49 -123
50 -123
51 -123
52 -123
53 -123
54 -123
55 -123
56 -123
57 -123
58 -123
59 -123
60 -123
61 -123
62 -123
76 -123
77 -123
-77 -124
-76 -124
33 -124
34 -124
35 -124
36 -124
37 -124
38 -124
39 -124
40 -124
41 -124
42 -124
43 -124
44 -124
45 -124
46 -124
47 -124
48 -124
49 -124
50 -124
51 -124
52 -124
53 -124
54 -124
55 -124
56 -124
57 -124
58 -124
59 -124
60 -124
61 -124
62 -124
76 -124
77 -124
-77 -125
-76 -125
28 -125
29 -125
30 -125
31 -125
32 -125
33 -125
34 -125
35 -125
36 -125
37 -125
38 -125
39 -125
40 -125
41 -125
42 -125
43 -125
44 -125
45 -125
46 -125
47 -125
48 -125
49 -125
50 -125
51 -125
52 -125
53 -125
54 -125
55 -125
56 -125
57 -125
58 -125
59 -125
60 -125
61 -125
62 -125
76 -125
77 -125
-77 -126
-76 -126
-75 -126
-74 -126
-73 -126
-72 -126
-71 -126
-70 -126
-69 -126
-68 -126
-67 -126
-66 -126
-65 -126
-64 -126
-63 -126
-62 -126
-61 -126
-60 -126
-59 -126
-58 -126
-57 -126
-56 -126
-55 -126
-54 -126
-53 -126
-52 -126
-51 -126
-50 -126
-49 -126
-48 -126
-47 -126
-46 -126
-45 -126
-44 -126
-43 -126
-42 -126
-41 -126
-40 -126
-39 -126
-38 -126
-37 -126
-36 -126
-35 -126
-34 -126
-33 -126
-32 -126
-31 -126
-30 -126
-29 -126
-28 -126
-27 -126
-26 -126
-25 -126
-24 -126
-23 -126
-22 -126
-21 -126
-20 -126
-19 -126
-18 -126
-17 -126
-16 -126
-15 -126
-14 -126
-13 -126
-12 -126
-11 -126
-10 -126
-9 -126
-8 -126
-7 -126
-6 -126
-5 -126
-4 -126
-3 -126
-2 -126
-1 -126
0 -126
1 -126
2 -126
3 -126
4 -126
5 -126
6 -126
7 -126
8 -126
9 -126
10 -126
11 -126
12 -126
13 -126
14 -126
15 -126
16 -126
17 -126
18 -126
19 -126
20 -126
21 -126
22 -126
23 -126
24 -126
25 -126
26 -126
27 -126
28 -126
29 -126
30 -126
31 -126
32 -126
33 -126
34 -126
35 -126
36 -126
37 -126
38 -126
39 -126
40 -126
41 -126
42 -126
43 -126
44 -126
45 -126
46 -126
47 -126
48 -126
49 -126
50 -126
51 -126
52 -126
53 -126
54 -126
55 -126
56 -126
57 -126
58 -126
59 -126
60 -126
61 -126
62 -126
63 -126
64 -126
65 -126
66 -126
67 -126
68 -126
69 -126
70 -126
71 -126
72 -126
73 -126
74 -126
75 -126
76 -126
77 -126
-77 -127
-76 -127
-75 -127
-74 -127
-73 -127
-72 -127
-71 -127
-70 -127
-69 -127
-68 -127
-67 -127
-66 -127
-65 -127
-64 -127
-63 -127
-62 -127
-61 -127
-60 -127
-59 -127
-58 -127
-57 -127
-56 -127
-55 -127
-54 -127
-53 -127
-52 -127
-51 -127
-50 -127
-49 -127
-48 -127
-47 -127
-46 -127
-45 -127
-44 -127
-43 -127
-42 -127
-41 -127
-40 -127
-39 -127
-38 -127
-37 -127
-36 -127
-35 -127
-34 -127
-33 -127
-32 -127
-31 -127
-30 -127
-29 -127
-28 -127
-27 -127
-26 -127
-25 -127
-24 -127
-23 -127
-22 -127
-21 -127
-20 -127
-19 -127
-18 -127
-17 -127
-16 -127
-15 -127
-14 -127
-13 -127
-12 -127
-11 -127
-10 -127
-9 -127
-8 -127
-7 -127
-6 -127
-5 -127
-4 -127
-3 -127
-2 -127
-1 -127
0 -127
1 -127
2 -127
3 -127
4 -127
5 -127
6 -127
7 -127
8 -127
9 -127
10 -127
11 -127
12 -127
13 -127
14 -127
15 -127
16 -127
17 -127
18 -127
19 -127
20 -127
21 -127
22 -127
23 -127
24 -127
25 -127
26 -127
27 -127
28 -127
29 -127
30 -127
31 -127
32 -127
33 -127
34 -127
35 -127
36 -127
37 -127
38 -127
39 -127
40 -127
41 -127
42 -127
43 -127
44 -127
45 -127
46 -127
47 -127
48 -127
49 -127
50 -127
51 -127
52 -127
53 -127
54 -127
55 -127
56 -127
57 -127
58 -127
59 -127
60 -127
61 -127
62 -127
63 -127
64 -127
65 -127
66 -127
67 -127
68 -127
69 -127
70 -127
71 -127
72 -127
73 -127
74 -127
75 -127
76 -127
77 -127
