 -31 -10 
 31 5 
 -28 7 
 20 10 
 -33 -4 
 -5 22 
 -28 10 
 -4 21 
 4 22 
 22 7 
 -24 15 
 -30 -12 
 -5 -22 
 -9 -22 
 7 17 
 -30 -1 
 -27 -10 
 -6 -21 
 -25 7 
 27 9 
 11 16 
 -21 -14 
 -4 -21 
 5 20 
 34 5 
 -27 13 
 -25 10 
 -30 5 
 -22 16 
 -2 -17 
 -2 19 
 -27 16 
 -28 9 
 26 8 
 18 9 
 5 23 
 -3 22 
 24 9 
 -26 -11 
 -26 -15 
 7 19 
 25 11 
 -13 -24 
 9 20 
 7 12 
 -22 18 
 -18 21 
 -29 -2 
 -12 -21 
 -33 -5 
 32 2 
 -27 1 
 -28 -11 
 27 6 
 0 22 
 -27 -11 
 6 21 
 -28 17 
 -6 -19 
 -28 -15 
 -23 18 
 -3 -14 
 -2 18 
 -34 -8 
 25 14 
 33 6 
 -27 11 
 8 17 
 30 5 
 -1 -18 
 -24 -14 
 -32 -5 
 28 -6 
 -3 -20 
 -28 14 
 -27 17 
 31 -4 
 -4 -19 
 33 5 
 -27 6 
 32 4 
 8 16 
 -11 -22 
 29 9 
 -25 17 
 -26 17 
 -30 -7 
 -13 -22 
 -29 -1 
 -26 4 
 -35 -8 
 6 13 
 -29 11 
 8 21 
 -4 -16 
 34 3 
 -10 21 
 -4 -15 
 30 -3 
 -30 1 
 -30 2 
 -29 10 
 19 8 
 -6 -20 
 23 14 
 31 4 
 -28 3 
 -17 19 
 24 11 
 -26 9 
 -32 -11 
 -9 -20 
 -21 4 
 -29 1 
 7 15 
 -26 -12 
 7 21 
 -10 -19 
 5 14 
 -29 0 
 -26 13 
 -10 -22 
 -25 -13 
 -19 22 
 -23 -14 
 -29 6 
 31 -5 
 25 8 
 -29 2 
 24 12 
 -33 -10 
 30 -1 
 -28 1 
 29 5 
 -20 21 
 -32 -10 
 -18 20 
 5 16 
 -8 -23 
 -30 -8 
 -6 20 
 -27 15 
 -2 -18 
 29 -2 
 -27 10 
 0 21 
 -8 -19 
 29 8 
 -23 -15 
 20 8 
 25 -8 
 -7 -19 
 -24 18 
 -31 -4 
 -25 6 
 -11 -24 
 7 16 
 -3 20 
 -28 6 
 -29 -9 
 -7 -18 
 -30 -10 
 5 24 
 -8 21 
 10 16 
 26 13 
 -9 -23 
 -27 8 
 21 11 
 3 21 
 20 11 
 -28 -1 
 -23 -18 
 -27 12 
 -29 5 
 26 -6 
 -24 5 
 32 3 
 3 20 
 -6 19 
 24 10 
 18 8 
 -28 -5 
 25 9 
 21 6 
 -14 -24 
 24 14 
 -25 -15 
 -23 19 
 27 -4 
 2 20 
 -28 -9 
 22 9 
 -27 4 
 7 22 
 28 -3 
 -30 3 
 -4 -14 
 28 -4 
 5 19 
 -4 -13 
 25 -6 
 -27 -2 
 26 10 
 -1 20 
 -31 -9 
 -19 18 
 -24 -13 
 -19 -18 
 -32 -4 
 28 9 
 32 -4 
 24 -6 
 -6 -23 
 -22 -14 
 -24 -16 
 -31 -6 
 -11 -23 
 31 -3 
 -23 -17 
 29 4 
 -8 20 
 6 20 
 25 -5 
 -8 19 
 -24 16 
 29 -3 
 26 -9 
 34 4 
 -10 -23 
 26 -8 
 23 10 
 -29 -10 
 -23 17 
 21 10 
 -33 -6 
 27 11 
 4 20 
 -28 15 
 -10 -20 
 -19 19 
 -28 -10 
 -22 17 
 10 15 
 33 -4 
 22 10 
 -26 1 
 -1 19 
 21 8 
 -4 -18 
 -11 -21 
 7 14 
 28 -5 
 -27 7 
 -5 -17 
 32 0 
 -27 -15 
 -7 -22 
 6 14 
 -32 -6 
 27 8 
 -28 0 
 -27 0 
 31 0 
 -23 5 
 -23 16 
 30 4 
 -27 -16 
 20 6 
 28 5 
 -5 -18 
 6 18 
 -28 11 
 8 13 
 -5 -16 
 -25 12 
 0 20 
 -8 -22 
 31 -1 
 7 20 
 -26 12 
 -2 -19 
 6 19 
 26 -7 
 -31 -7 
 -7 18 
 24 13 
 25 -7 
 -27 14 
 -28 5 
 8 20 
 2 21 
 5 21 
 -9 20 
 31 -2 
 26 -5 
 -18 19 
 -26 6 
 -4 22 
 25 12 
 -13 -23 
 -29 -8 
 -30 11 
 -1 18 
 -6 -17 
 -24 -17 
 -10 -24 
 -4 -20 
 -32 -9 
 -11 20 
 26 12 
 -6 -18 
 -7 20 
 -27 3 
 -19 20 
 7 13 
 -33 -8 
 23 12 
 -27 2 
 -28 -12 
 -29 -5 
 27 10 
 0 23 
 27 -6 
 -8 -20 
 -7 19 
 -14 -23 
 -2 20 
 9 16 
 -7 -14 
 -33 -7 
 4 23 
 20 7 
 -29 14 
 -6 -22 
 26 7 
 28 11 
 30 3 
 -6 21 
 -28 4 
 -9 -24 
 -5 -20 
 33 2 
 -19 21 
 -25 16 
 -25 4 
 -27 5 
 23 9 
 -26 10 
 -26 5 
 -26 11 
 -29 -6 
 18 7 
 5 22 
 -9 -21 
 23 11 
 10 17 
 -20 19 
 4 19 
 6 17 
 21 9 
 -23 4 
 -27 -12 
 27 12 
 0 19 
 -31 -12 
 -3 -18 
 -23 -16 
 -28 -2 
 27 -5 
 -29 -12 
 -10 20 
 -25 -14 
 26 11 
 -32 -7 
 -29 -11 
 -5 21 
 33 4 
